2.440641953322311398e+06 3.895125954355666181e+05 1.839931847057182167e+05 -9.907705588243293460e+04 -2.937484686389958370e+05 -1.646121327034755377e+05 -4.764074115862187318e+04 1.900091162185797584e+05 4.201178094215409365e+05 5.874683073885935592e+05 -1.000779707813938498e+06 -9.940602064177308930e+05 -1.803149457528719679e+06 1.150335985860936809e+06 -1.970603082151879789e+06 5.831368103687327821e+05
3.895125954355662107e+05 2.161312076374038123e+06 -1.247928293866839522e+05 4.174242970649824128e+05 5.379636582324045012e+05 -2.353188644888481067e+05 -1.518295382915185066e+06 -1.402922394076620229e+06 -4.841877962355269701e+05 -6.579512259116978385e+05 -8.039642863718781155e+05 9.381384948932904081e+03 -9.084480206204779679e+05 1.080273628621226177e+06 7.895054117941501318e+05 2.446410330159921199e+06
1.839931847057182167e+05 -1.247928293866838649e+05 3.474842247307400685e+06 1.605084045480538043e+05 3.496037771391671267e+05 1.642799264557649847e+06 5.415647576308203861e+05 -6.277189471169939497e+05 1.721888979720324278e+05 -3.655285565652713412e+05 -7.503473757098156493e+05 1.327064749468478374e+06 1.661069956144998316e+06 -1.158403014946545940e+06 -1.588272860541908012e+05 -1.863695930676871445e+06
-9.907705588243296370e+04 4.174242970649823546e+05 1.605084045480538043e+05 5.562708590769602917e+06 2.881862708978329785e+06 2.136793499637140892e+06 4.601089324207258411e+06 3.703898661005702452e+05 2.894128055834146682e+06 6.475838312875585398e+05 -3.604272039266392589e+06 -2.565160097280083690e+06 1.026676802155920188e+06 1.341943977577923797e+06 -8.098131018676905660e+05 9.062253228656259598e+05
-2.937484686389956623e+05 5.379636582324045012e+05 3.496037771391671849e+05 2.881862708978330716e+06 1.138909102414342761e+07 8.427789243832385167e+06 8.038465283686319366e+06 5.927425829729562625e+06 2.115960989995799493e+06 3.598879848748927936e+06 -4.012619739858900663e+06 -5.837380935308561660e+06 3.502650842397328233e+05 1.467656987392181763e+06 -2.856624701498171780e+05 1.041726819020155235e+06
-1.646121327034756541e+05 -2.353188644888484268e+05 1.642799264557649847e+06 2.136793499637140892e+06 8.427789243832383305e+06 2.355897773410503194e+07 1.245319799565099739e+07 7.451470551049006172e+06 5.418874931938270107e+06 5.032343782611198723e+06 -3.638124630302052014e+06 -3.800173595097098965e+06 -2.236586089600304142e+06 5.770791124667308759e+05 2.687248908939345274e+06 -2.640636814743451308e+06
-4.764074115862177132e+04 -1.518295382915184600e+06 5.415647576308203861e+05 4.601089324207258411e+06 8.038465283686320297e+06 1.245319799565099739e+07 3.059329211427094042e+07 1.331013448904723488e+07 1.633096553055416606e+07 9.415224067139655352e+06 7.038849822222956456e+06 -1.670129610837028595e+06 4.115409636291224044e+06 -4.068313416137682740e+06 -7.417307245205139741e+06 3.631445313031274825e+06
1.900091162185797293e+05 -1.402922394076619763e+06 -6.277189471169942990e+05 3.703898661005701288e+05 5.927425829729561694e+06 7.451470551049007103e+06 1.331013448904723488e+07 3.756677073402095586e+07 1.145372933777830936e+07 1.374930487672681920e+07 8.060833608344265260e+06 5.380634018333602697e+06 2.535003663733951282e+06 -7.897601787739925086e+06 -6.313867430127673782e+06 2.022809646381460829e+06
4.201178094215410529e+05 -4.841877962355269701e+05 1.721888979720324860e+05 2.894128055834146217e+06 2.115960989995798562e+06 5.418874931938269176e+06 1.633096553055416420e+07 1.145372933777831122e+07 5.211638051924754679e+07 2.653914242110894993e+07 2.852039039518791717e+06 1.440086113061153516e+07 3.156188255753361620e+06 6.161695601035332307e+06 -4.735345200156156905e+06 -4.934375217863211408e+06
5.874683073885937920e+05 -6.579512259116977220e+05 -3.655285565652713412e+05 6.475838312875597039e+05 3.598879848748928402e+06 5.032343782611200586e+06 9.415224067139655352e+06 1.374930487672681920e+07 2.653914242110894248e+07 7.467652827622194588e+07 8.207135068668876775e+06 1.238162375654590316e+07 8.862327158319078386e+06 -5.367060855647324352e+05 -7.528450620002929121e+06 4.859651821644461714e+06
-1.000779707813938963e+06 -8.039642863718785811e+05 -7.503473757098157657e+05 -3.604272039266393054e+06 -4.012619739858900663e+06 -3.638124630302053876e+06 7.038849822222956456e+06 8.060833608344267122e+06 2.852039039518792182e+06 8.207135068668877706e+06 9.888819436693291366e+07 1.153292767785654170e+06 1.555546668131049490e+06 -6.812159048733522184e+06 -7.336105577293891693e+05 4.257968661067100242e+06
-9.940602064177311258e+05 9.381384948933015039e+03 1.327064749468478141e+06 -2.565160097280083690e+06 -5.837380935308561660e+06 -3.800173595097099431e+06 -1.670129610837029526e+06 5.380634018333603628e+06 1.440086113061153889e+07 1.238162375654590130e+07 1.153292767785653938e+06 6.448159078082837164e+07 8.954916560200346634e+06 -6.047657604567536153e+06 -1.744411390881326748e+06 3.786878454158150591e+06
-1.803149457528719446e+06 -9.084480206204778515e+05 1.661069956144999247e+06 1.026676802155919140e+06 3.502650842397337547e+05 -2.236586089600305073e+06 4.115409636291224975e+06 2.535003663733950350e+06 3.156188255753362551e+06 8.862327158319078386e+06 1.555546668131050421e+06 8.954916560200346634e+06 7.901974056882841885e+07 2.877295582250377629e+06 -3.075224923387824558e+06 2.760490599180069752e+06
1.150335985860937275e+06 1.080273628621226409e+06 -1.158403014946545707e+06 1.341943977577924263e+06 1.467656987392182229e+06 5.770791124667307595e+05 -4.068313416137682740e+06 -7.897601787739924155e+06 6.161695601035334170e+06 -5.367060855647323187e+05 -6.812159048733524978e+06 -6.047657604567532428e+06 2.877295582250377629e+06 9.720771977000957727e+07 2.689827900406146422e+07 -1.480537811431693658e+07
-1.970603082151879789e+06 7.895054117941503646e+05 -1.588272860541907721e+05 -8.098131018676905660e+05 -2.856624701498170616e+05 2.687248908939343877e+06 -7.417307245205137879e+06 -6.313867430127673782e+06 -4.735345200156155974e+06 -7.528450620002929121e+06 -7.336105577293894021e+05 -1.744411390881327214e+06 -3.075224923387823626e+06 2.689827900406147167e+07 8.522564151533450186e+07 -1.218756396185479593e+06
5.831368103687326657e+05 2.446410330159921665e+06 -1.863695930676871678e+06 9.062253228656259598e+05 1.041726819020155235e+06 -2.640636814743450843e+06 3.631445313031272963e+06 2.022809646381458966e+06 -4.934375217863212340e+06 4.859651821644459851e+06 4.257968661067101173e+06 3.786878454158151522e+06 2.760490599180070218e+06 -1.480537811431693658e+07 -1.218756396185479593e+06 1.326616782956745028e+08
