1.010986319525168836e+08 6.069335945307289064e+07 5.155036693191282451e+07 4.723609358628996462e+07 5.927207182598084956e+07 5.817318615390235931e+07 6.430161687137550116e+07 5.421540512921347469e+07 4.631884841157234460e+07 4.984434931315714121e+07 3.048647474910096452e+07 4.305883314329716563e+07 4.481498968310786784e+07 3.499514012932286412e+07
6.069335945307292789e+07 1.174872286849191040e+08 7.346761679598832130e+07 5.422259907960104197e+07 7.204781173166044056e+07 7.337021625344595313e+07 7.979865101270191371e+07 6.141620130132739246e+07 5.597141702614087611e+07 6.489167460218159854e+07 3.099167522592114657e+07 4.844023924567946792e+07 6.353682077472807467e+07 5.007807599751218408e+07
5.155036693191283941e+07 7.346761679598833621e+07 1.183849164632041901e+08 6.878673410796348751e+07 7.605313198850733042e+07 8.673935761316238344e+07 9.037106423910062015e+07 7.356661038466419280e+07 5.048776916043011099e+07 5.938832037348036468e+07 4.985457911006411165e+07 6.489986238635612279e+07 5.551519945776932687e+07 3.718096357548201829e+07
4.723609358628994972e+07 5.422259907960103452e+07 6.878673410796350241e+07 1.245116301771916598e+08 9.757462667216122150e+07 9.146341036143171787e+07 9.966741510719032586e+07 7.732297560388536751e+07 6.455336746825029701e+07 6.705117372030766308e+07 7.020632747981145978e+07 5.708762084164978564e+07 3.971160730510723591e+07 3.053311906560312957e+07
5.927207182598084956e+07 7.204781173166039586e+07 7.605313198850734532e+07 9.757462667216123641e+07 1.375241317886507213e+08 1.112752725682537407e+08 1.176412587338365465e+08 9.416010440465597808e+07 8.261104106200565398e+07 8.635878015973225236e+07 8.008807019358626008e+07 6.656702092476415634e+07 6.035236251096843183e+07 3.764181104047454149e+07
5.817318615390234441e+07 7.337021625344592333e+07 8.673935761316239834e+07 9.146341036143170297e+07 1.112752725682537109e+08 1.536081738637442589e+08 1.214834697409985512e+08 1.050677396530935168e+08 1.013330385709736943e+08 1.045277887477350533e+08 7.451863314708070457e+07 8.756907967908485234e+07 6.235837220536217093e+07 4.697095841447962821e+07
6.430161687137547880e+07 7.979865101270191371e+07 9.037106423910060525e+07 9.966741510719032586e+07 1.176412587338365763e+08 1.214834697409985662e+08 1.727074249323509336e+08 1.100687980247178823e+08 1.008914973827154487e+08 1.103582309477919042e+08 1.050709435610354990e+08 9.714299290570986271e+07 7.372047373556062579e+07 5.499506267583368719e+07
5.421540512921346724e+07 6.141620130132742226e+07 7.356661038466425240e+07 7.732297560388538241e+07 9.416010440465597808e+07 1.050677396530935168e+08 1.100687980247178823e+08 1.476112915511558354e+08 9.523357035056212544e+07 9.816022708692014217e+07 9.739972260391715169e+07 8.236385473699577153e+07 5.489566659109869599e+07 3.623627090616590530e+07
4.631884841157236695e+07 5.597141702614086121e+07 5.048776916043009609e+07 6.455336746825031191e+07 8.261104106200566888e+07 1.013330385709737092e+08 1.008914973827154338e+08 9.523357035056215525e+07 1.416220082834229469e+08 1.041724877769422382e+08 9.395016590811295807e+07 6.720248827753014863e+07 5.832769275456144661e+07 3.929599937023823708e+07
4.984434931315714121e+07 6.489167460218164325e+07 5.938832037348036468e+07 6.705117372030764818e+07 8.635878015973223746e+07 1.045277887477350384e+08 1.103582309477919191e+08 9.816022708692020178e+07 1.041724877769422531e+08 1.565777718494695723e+08 9.292565333469825983e+07 9.170751086945883930e+07 7.403237905859591067e+07 5.609840243035416305e+07
3.048647474910095707e+07 3.099167522592115402e+07 4.985457911006410420e+07 7.020632747981144488e+07 8.008807019358631968e+07 7.451863314708067477e+07 1.050709435610354692e+08 9.739972260391715169e+07 9.395016590811294317e+07 9.292565333469823003e+07 1.550703357642800510e+08 6.796527057702659070e+07 6.805078374333484471e+07 3.612991193839646876e+07
4.305883314329715073e+07 4.844023924567947537e+07 6.489986238635613769e+07 5.708762084164979309e+07 6.656702092476416379e+07 8.756907967908486724e+07 9.714299290570983291e+07 8.236385473699580133e+07 6.720248827753014863e+07 9.170751086945886910e+07 6.796527057702659070e+07 1.880623431743630469e+08 8.542371032162855566e+07 5.692259273648758233e+07
4.481498968310787529e+07 6.353682077472806722e+07 5.551519945776934177e+07 3.971160730510722101e+07 6.035236251096842438e+07 6.235837220536218584e+07 7.372047373556059599e+07 5.489566659109868854e+07 5.832769275456144661e+07 7.403237905859594047e+07 6.805078374333484471e+07 8.542371032162858546e+07 1.604667703174840212e+08 8.644129898819853365e+07
3.499514012932286412e+07 5.007807599751218408e+07 3.718096357548202574e+07 3.053311906560313702e+07 3.764181104047454149e+07 4.697095841447963566e+07 5.499506267583368719e+07 3.623627090616589785e+07 3.929599937023822963e+07 5.609840243035416305e+07 3.612991193839646876e+07 5.692259273648757488e+07 8.644129898819848895e+07 1.773265012302741706e+08
