2.801051727378172278e+08 2.410501395281720906e+07 1.287483090927084908e+07 8.698316317224132363e+05 6.869393438430657610e+06 -7.042464359055798501e+06 -3.875628215603279881e+06 -5.347551131282882765e+06 8.841458461127726361e+06 -5.026289049492893741e+06 -6.938711512958372943e+06 1.225045239141369984e+07 -5.999252433714322979e+05 -3.572722813069107477e+06 1.808416815320313442e+06 -4.586377928748886101e+06 1.609960621749262791e+06
2.410501395281720161e+07 3.817380565899985284e+07 1.631847940872228472e+06 -1.779110326485700440e+06 4.185031958372756839e+06 -6.327599537026705220e+05 9.964010350291752256e+05 1.476050878809710732e+06 -6.454998961991196848e+04 -4.245734815045899712e+06 -7.632546660028096521e+05 8.895032615617688280e+05 -3.478755271563780028e+06 -2.976529887384949718e+06 -1.167746466692891438e+06 -6.585787120861650910e+05 2.543535012773174385e+05
1.287483090927084722e+07 1.631847940872228937e+06 4.162932740660693496e+07 -2.137073848366854247e+06 2.584952207448591013e+06 8.689986941477167420e+05 1.368511726154099451e+06 8.137508045991131105e+06 1.530623814062813472e+05 -3.424136143618206494e+06 2.130581938788888510e+05 -1.176361523356335936e+06 -4.310855663716642186e+06 3.636597202390194434e+04 -1.669659538074813550e+06 -4.379917888148594648e+06 -1.862697121810365643e+05
8.698316317224131199e+05 -1.779110326485699043e+06 -2.137073848366852384e+06 2.349101229025600851e+07 -9.366884230318705086e+05 4.490538200894339941e+06 6.816820328088056995e+05 2.953003873713571578e+06 1.455380418693656335e+06 -1.381315208602298844e+04 -1.930524823212506017e+06 -1.750703866920331493e+06 8.160928769768261118e+05 -2.100067806162149180e+06 1.005686026142677059e+06 1.422787759068444138e+06 1.485060484856959956e+05
6.869393438430656679e+06 4.185031958372757770e+06 2.584952207448591013e+06 -9.366884230318705086e+05 1.554095881126805581e+07 2.683764881331113633e+06 1.787323182603374589e+06 1.325903611264397623e+06 4.637051775992649607e+06 5.700371656668344804e+04 4.096084997282786295e+06 2.441419353690107819e+06 -1.110924426323001040e+06 -5.102974335151360719e+05 -6.114399802695610560e+05 -2.192282443538686202e+05 4.374580553874815814e+04
-7.042464359055792913e+06 -6.327599537026714534e+05 8.689986941477166256e+05 4.490538200894339941e+06 2.683764881331113633e+06 2.593164501593606919e+07 3.719139320873158053e+06 5.993986500777004287e+06 4.953944735792417778e+05 1.295413262856094399e+06 -3.511411100307538291e+05 -6.849737825753947254e+05 -3.272648262380909175e+06 -1.629407505806112429e+06 -2.315211491736159660e+06 1.358929235125656240e+06 -3.188458307726201601e+05
-3.875628215603277087e+06 9.964010350291753421e+05 1.368511726154099451e+06 6.816820328088059323e+05 1.787323182603374822e+06 3.719139320873157587e+06 2.808769330962081254e+07 4.376754239481273689e+05 8.926305879519088194e+06 6.181672991169996560e+06 8.000619303267881041e+05 1.640998610593028367e+06 1.153105802210701630e+06 -9.350750708270425093e+03 9.320590012087484356e+05 4.576468760234861402e+05 -1.076466789427423617e+06
-5.347551131282877177e+06 1.476050878809710732e+06 8.137508045991132967e+06 2.953003873713571113e+06 1.325903611264397623e+06 5.993986500777006149e+06 4.376754239481267869e+05 2.378487529484226555e+07 1.393036237228682498e+06 2.296100327461722307e+06 1.729538780981907388e+06 5.472570419862770941e+05 -9.166579832222756231e+05 2.055127679228122812e+06 -6.257216729093519971e+05 -2.606748592734734062e+06 -5.542012423901364673e+05
8.841458461127726361e+06 -6.454998961991186661e+04 1.530623814062812889e+05 1.455380418693656567e+06 4.637051775992647745e+06 4.953944735792417778e+05 8.926305879519088194e+06 1.393036237228682032e+06 1.878955768413183093e+07 6.695275594994219951e+06 4.706003292756965384e+06 3.418546362045729067e+06 5.045825667069967836e+06 1.373405574572313810e+06 1.358327999545677565e+06 -3.056454003616073169e+06 2.308717000690900721e+06
-5.026289049492897466e+06 -4.245734815045899712e+06 -3.424136143618205097e+06 -1.381315208602301755e+04 5.700371656668347714e+04 1.295413262856094865e+06 6.181672991169995628e+06 2.296100327461722773e+06 6.695275594994223677e+06 1.519598181222868152e+07 4.454177550898451358e+06 4.055357010429194663e+06 6.219957066655388102e+06 4.242869493642236106e+06 5.334053192960676970e+05 -1.115492903171868762e+06 -8.834840487169919070e+05
-6.938711512958372012e+06 -7.632546660028096521e+05 2.130581938788886764e+05 -1.930524823212505784e+06 4.096084997282785363e+06 -3.511411100307533634e+05 8.000619303267881041e+05 1.729538780981909251e+06 4.706003292756962590e+06 4.454177550898451358e+06 1.944504959271685407e+07 7.867457099291925319e+06 8.484114618835894391e+06 4.713491928810919635e+06 1.385385475282300496e+06 1.951392317830118351e+06 -2.213483751730132848e+06
1.225045239141369425e+07 8.895032615617687115e+05 -1.176361523356336169e+06 -1.750703866920331726e+06 2.441419353690109681e+06 -6.849737825753951911e+05 1.640998610593029065e+06 5.472570419862772105e+05 3.418546362045728136e+06 4.055357010429195128e+06 7.867457099291924387e+06 1.641618611242067628e+07 9.226845330790476874e+06 7.081371997682155110e+06 7.413198869154475396e+05 1.880678302523544524e+06 -2.062479025494785979e+06
-5.999252433714320650e+05 -3.478755271563779563e+06 -4.310855663716642186e+06 8.160928769768272759e+05 -1.110924426323000574e+06 -3.272648262380909175e+06 1.153105802210700465e+06 -9.166579832222756231e+05 5.045825667069966905e+06 6.219957066655388102e+06 8.484114618835894391e+06 9.226845330790476874e+06 1.886907179211955518e+07 7.697820325743672438e+06 2.922447931928855833e+06 2.069044086024416145e+06 -1.344302810402506031e+06
-3.572722813069107942e+06 -2.976529887384949718e+06 3.636597202390222083e+04 -2.100067806162148714e+06 -5.102974335151359555e+05 -1.629407505806112429e+06 -9.350750708269541065e+03 2.055127679228122579e+06 1.373405574572312878e+06 4.242869493642236106e+06 4.713491928810919635e+06 7.081371997682155110e+06 7.697820325743673369e+06 1.273627567891018093e+07 1.423447114392705960e+06 8.283683600753078936e+05 -4.197853234233972034e+05
1.808416815320315072e+06 -1.167746466692891670e+06 -1.669659538074813783e+06 1.005686026142677409e+06 -6.114399802695611725e+05 -2.315211491736160591e+06 9.320590012087479699e+05 -6.257216729093519971e+05 1.358327999545677565e+06 5.334053192960675806e+05 1.385385475282300264e+06 7.413198869154476561e+05 2.922447931928855833e+06 1.423447114392705960e+06 8.575451558347342536e+06 2.896754365037216849e+04 1.514120247088365257e+06
-4.586377928748886101e+06 -6.585787120861652074e+05 -4.379917888148592785e+06 1.422787759068444138e+06 -2.192282443538685911e+05 1.358929235125656007e+06 4.576468760234861984e+05 -2.606748592734733131e+06 -3.056454003616073634e+06 -1.115492903171868762e+06 1.951392317830118351e+06 1.880678302523544524e+06 2.069044086024415912e+06 8.283683600753078936e+05 2.896754365037219031e+04 9.973631034430557862e+06 -1.035190677975234925e+06
1.609960621749262558e+06 2.543535012773175258e+05 -1.862697121810365643e+05 1.485060484856959956e+05 4.374580553874818725e+04 -3.188458307726201601e+05 -1.076466789427423617e+06 -5.542012423901363509e+05 2.308717000690900721e+06 -8.834840487169919070e+05 -2.213483751730133779e+06 -2.062479025494785979e+06 -1.344302810402506031e+06 -4.197853234233971452e+05 1.514120247088365024e+06 -1.035190677975234925e+06 1.325139340368417650e+07
