2.461327445580769272e+05 2.386293948578054915e+04 1.588331870794225324e+04 3.266562788467884457e+04 1.592486292886366937e+04 4.985548213074202795e+04 -1.613757855531053974e+04 -2.132831813503240846e+04 -1.198156031059629895e+05 5.317031393138502608e+04 1.433009632038794552e+04 9.723616960075219686e+04 1.060745959985318905e+03
2.386293948578054915e+04 2.837993099538466777e+05 4.054163125662861421e+04 2.016714595987215944e+04 7.484038384743061033e+04 3.964044803122446319e+04 1.063121566623873805e+05 -1.489446550710090960e+05 2.645091221948463499e+04 -1.986141242885447355e+04 -1.015738293432636274e+05 -2.698806051354333977e+04 -1.350709616076332350e+04
1.588331870794225324e+04 4.054163125662861421e+04 5.920101433676787419e+05 2.290412939368621446e+05 1.153670331576659955e+05 9.855844156117248349e+04 2.897463324344179273e+04 -2.330488063350930315e+04 -1.092693704800657433e+05 -2.769815229619661695e+05 -1.406314677326510136e+05 -1.045118205590423750e+05 -1.525893826020141423e+05
3.266562788467884457e+04 2.016714595987215580e+04 2.290412939368621446e+05 6.823308504240708426e+05 1.817783101160974475e+05 2.225249708359512442e+05 1.641652783389374235e+04 -5.103584212735302572e+04 -1.977502732255392766e+05 -2.058471212788660487e+05 -5.057214179876961680e+03 -1.872962356182075164e+05 -6.796356977304402972e+04
1.592486292886366755e+04 7.484038384743061033e+04 1.153670331576659810e+05 1.817783101160974475e+05 1.022589248648474808e+06 4.306755593037485378e+05 -8.325448689622554230e+04 -3.919156755799919483e+05 -4.839206153206144518e+04 -4.303465193341853592e+04 -1.191113883693030366e+05 6.800559130071962136e+04 -1.007603754700903228e+05
4.985548213074202795e+04 3.964044803122446319e+04 9.855844156117248349e+04 2.225249708359512442e+05 4.306755593037485378e+05 1.206655894835651387e+06 -2.034355135882047034e+04 -2.667238478913505605e+04 -1.136078611627735663e+05 -2.912235647957752808e+05 -5.578405857894737710e+04 -7.392515362081304193e+04 -3.414525547363201622e+04
-1.613757855531053974e+04 1.063121566623873805e+05 2.897463324344179273e+04 1.641652783389374235e+04 -8.325448689622554230e+04 -2.034355135882047034e+04 1.920006329205312999e+06 2.509000626498873753e+05 6.856210900010740443e+04 -7.304849169975874247e+04 6.374220685288217646e+04 -1.488909938035829982e+05 1.084672162268094835e+05
-2.132831813503240846e+04 -1.489446550710090960e+05 -2.330488063350929951e+04 -5.103584212735302572e+04 -3.919156755799919483e+05 -2.667238478913505605e+04 2.509000626498873753e+05 1.641518228483882034e+06 -1.596124044750520552e+05 -2.312085392437391565e+05 4.017630251703825197e+05 -6.141037428453408938e+04 1.673929356603212946e+05
-1.198156031059629895e+05 2.645091221948463863e+04 -1.092693704800657288e+05 -1.977502732255392766e+05 -4.839206153206144518e+04 -1.136078611627735663e+05 6.856210900010740443e+04 -1.596124044750520552e+05 1.329201839027096285e+06 8.195293719431762293e+04 -9.915317673810687847e+04 1.638450945648236375e+05 1.810127549781677662e+05
5.317031393138502608e+04 -1.986141242885446991e+04 -2.769815229619661695e+05 -2.058471212788660487e+05 -4.303465193341854319e+04 -2.912235647957753390e+05 -7.304849169975874247e+04 -2.312085392437391565e+05 8.195293719431762293e+04 1.147467873511350015e+06 2.313171443960003380e+05 1.610032075646974263e+05 1.387409742210627301e+05
1.433009632038794552e+04 -1.015738293432636274e+05 -1.406314677326510136e+05 -5.057214179876965318e+03 -1.191113883693030366e+05 -5.578405857894737710e+04 6.374220685288217646e+04 4.017630251703825197e+05 -9.915317673810687847e+04 2.313171443960003380e+05 9.952593289245766355e+05 -2.439564771327187918e+04 -5.949944010871945466e+03
9.723616960075219686e+04 -2.698806051354333613e+04 -1.045118205590423604e+05 -1.872962356182075164e+05 6.800559130071962136e+04 -7.392515362081304193e+04 -1.488909938035829982e+05 -6.141037428453408938e+04 1.638450945648236375e+05 1.610032075646974263e+05 -2.439564771327188282e+04 1.267843386004846543e+06 -5.143361099820990057e+04
1.060745959985317313e+03 -1.350709616076332168e+04 -1.525893826020141423e+05 -6.796356977304402972e+04 -1.007603754700903373e+05 -3.414525547363200894e+04 1.084672162268094689e+05 1.673929356603212946e+05 1.810127549781677662e+05 1.387409742210627301e+05 -5.949944010871957289e+03 -5.143361099820989330e+04 1.018836987820999464e+06
