1.786518548933504499e+05 5.293468201332858007e+04 -8.002109354312993901e+02 1.945407254348880815e+04 5.598659112865475618e+04 7.521425632723782655e+03 2.779071034554192011e+04 3.129766694979681688e+03 -3.263523112112918170e+03 -2.047281503789317867e+04 -1.023178625351099981e+04 -1.301038005193040590e+04 -2.896138869717399575e+04
5.293468201332858735e+04 2.722990955935480888e+05 2.524845993358345004e+04 -6.164379771098387573e+04 2.158228270597862502e+04 -3.870471746256724145e+04 3.485548474935370450e+03 -2.965419872973927340e+04 -1.617418771069623472e+04 -3.559489639192719187e+04 4.283492426596429141e+04 1.180665120148534152e+04 7.828734872130525218e+03
-8.002109354313009817e+02 2.524845993358345004e+04 1.942411137107640097e+05 3.595698724959875108e+04 -1.935509421634840692e+04 -5.830386583934752707e+03 -5.279258485067128640e+04 -6.548636226612491009e+04 -7.742585724497531373e+03 -2.613958687023777020e+04 -9.126135077106977405e+03 1.461639868609542827e+04 5.365281016648441437e+03
1.945407254348880451e+04 -6.164379771098383208e+04 3.595698724959875108e+04 3.773854689289601520e+05 4.190180357074616768e+04 -3.140234933741833447e+04 1.007862909396142413e+03 1.999522604709119696e+04 -5.924437078354202094e+04 -3.859321459653216880e+04 -7.124753259107240592e+04 -3.251351887155314762e+04 -2.991069481150793217e+04
5.598659112865476345e+04 2.158228270597862502e+04 -1.935509421634839964e+04 4.190180357074616768e+04 3.199956804772642790e+05 -2.514073449417622760e+04 -2.108179632250090435e+04 4.680971960872672207e+04 5.923766719053390261e+03 -3.622304080402979889e+04 -1.331301388841490007e+04 5.195532740585143983e+03 8.286766785442137916e+03
7.521425632723785384e+03 -3.870471746256721963e+04 -5.830386583934749979e+03 -3.140234933741832720e+04 -2.514073449417622760e+04 4.106786457895740750e+05 5.560153719359677780e+04 2.320492716416648364e+03 -2.976436368038101500e+04 -6.869490652197483541e+03 -1.986111560192519755e+04 1.141039617704460579e+04 2.262830350207204901e+03
2.779071034554193102e+04 3.485548474935370450e+03 -5.279258485067129368e+04 1.007862909396143209e+03 -2.108179632250090435e+04 5.560153719359675597e+04 4.377122205326742260e+05 2.741488766620231036e+04 8.680869937052672321e+04 -7.983996380306096398e+03 -6.376178612137861637e+04 -2.273268577504148652e+03 6.502152069382929039e+04
3.129766694979679414e+03 -2.965419872973926977e+04 -6.548636226612490282e+04 1.999522604709119332e+04 4.680971960872671480e+04 2.320492716416649273e+03 2.741488766620231036e+04 2.859799708601045422e+05 2.682414004972215116e+04 4.645263241867991019e+04 -7.354925806149994060e+03 1.327533676253701015e+04 -1.850733418262988198e+04
-3.263523112112918170e+03 -1.617418771069623654e+04 -7.742585724497534102e+03 -5.924437078354201367e+04 5.923766719053384804e+03 -2.976436368038100773e+04 8.680869937052670866e+04 2.682414004972215116e+04 3.655672438109178329e+05 6.685100188183278078e+04 2.247607493447446541e+04 2.914587236481614309e+04 2.864878657830659722e+04
-2.047281503789317503e+04 -3.559489639192718460e+04 -2.613958687023777020e+04 -3.859321459653216880e+04 -3.622304080402979162e+04 -6.869490652197482632e+03 -7.983996380306092760e+03 4.645263241867991746e+04 6.685100188183278078e+04 2.970016144315031706e+05 2.098956863374193927e+04 1.127527492779203021e+04 -2.664843679049198909e+04
-1.023178625351099799e+04 4.283492426596427686e+04 -9.126135077106979224e+03 -7.124753259107243503e+04 -1.331301388841490188e+04 -1.986111560192520119e+04 -6.376178612137860182e+04 -7.354925806149994060e+03 2.247607493447446541e+04 2.098956863374193927e+04 2.906916347330966382e+05 1.635422265046560096e+04 3.895398027105759684e+04
-1.301038005193040226e+04 1.180665120148533424e+04 1.461639868609543555e+04 -3.251351887155314762e+04 5.195532740585147621e+03 1.141039617704460761e+04 -2.273268577504149107e+03 1.327533676253701015e+04 2.914587236481614673e+04 1.127527492779203203e+04 1.635422265046560096e+04 1.083278009410515951e+05 1.421444558467704337e+04
-2.896138869717400667e+04 7.828734872130519761e+03 5.365281016648442346e+03 -2.991069481150793581e+04 8.286766785442137916e+03 2.262830350207204901e+03 6.502152069382927584e+04 -1.850733418262988926e+04 2.864878657830659358e+04 -2.664843679049198909e+04 3.895398027105760411e+04 1.421444558467704337e+04 1.865020521428518696e+05
