2.205837056393977837e+05 1.030830683519492959e+04 5.631146881352817218e+03 4.863432971160113993e+03 1.256873509453899351e+04 -4.749658484234291245e+04 -1.801327450216291618e+04 -5.983672498949338478e+04 -2.955398791974511551e+04 -2.662603813272271145e+04 -2.418508518313943932e+04 -2.913482973802258493e+04 -1.502662195552774210e+04 3.490545195102799335e+04 -2.171924464233539038e+04 -6.443420143635996283e+03
1.030830683519492231e+04 1.815385438174670271e+05 -2.361869874377309316e+03 8.883046262107221992e+03 -4.983500853146055078e+02 1.214260719844014238e+04 1.875597138347176224e+04 2.781333491117202357e+04 -4.638285416514392273e+04 -1.715466576655340759e+04 -4.986300960626830056e+04 1.432122975566653986e+04 -2.671267488194984617e+04 7.160845323955630010e+04 -2.311783896881276087e+04 -1.534632296250835316e+04
5.631146881352822675e+03 -2.361869874377308861e+03 1.998272819717504899e+05 -5.217060844215989164e+03 -1.953222343223043208e+04 -2.214136247891695893e+04 -9.691143455565859040e+04 -2.340572928092931397e+04 -8.485525750699115451e+04 -3.833831152208164713e+04 2.198513347423166852e+04 4.670253785566990700e+04 5.165492188830048690e+04 -3.598082455085578113e+04 4.405572657951621659e+04 5.811609037823593826e+04
4.863432971160112174e+03 8.883046262107223811e+03 -5.217060844215992802e+03 4.468841258586968179e+05 1.145115627351122021e+04 6.570574843999581935e+04 -2.545481913294363767e+04 -6.740050255489106348e+04 8.261654998124869599e+04 -2.582115216077334844e+04 -5.096556866294392967e+04 -2.970309555124663166e+04 -7.520982292783749290e+04 9.885213161882413260e+03 -2.127285943422641867e+04 -1.334275283528540967e+04
1.256873509453899351e+04 -4.983500853146043710e+02 -1.953222343223042481e+04 1.145115627351118746e+04 5.508936886208733777e+05 8.869143313404588844e+04 -1.379026725899955454e+04 1.256755118531414701e+04 -1.037781484520619124e+05 3.591595969077324844e+04 -3.888489896074844000e+04 -1.717611565915943647e+05 -5.240754453233246022e+04 5.305952785752999625e+04 7.867732880294573079e+03 3.735343883859820926e+04
-4.749658484234294156e+04 1.214260719844014238e+04 -2.214136247891697349e+04 6.570574843999583391e+04 8.869143313404587389e+04 5.543510161235412816e+05 1.701544186587279255e+05 5.185481621021636965e+04 1.084591248524099683e+04 3.456448568564820744e+04 -4.218141073352378589e+04 6.986410250914445896e+03 -3.094348479901593237e+04 -4.442420786054854398e+04 -3.379713831533893244e+04 7.212172341232908366e+04
-1.801327450216291982e+04 1.875597138347176951e+04 -9.691143455565857585e+04 -2.545481913294365222e+04 -1.379026725899956182e+04 1.701544186587279546e+05 7.149377900878094370e+05 5.960489371061209386e+04 4.269049449449031817e+04 5.789725805014871003e+04 -1.008122972143827647e+05 -1.658640036352239258e+05 -1.244002204156836669e+05 -1.048749638434349763e+05 -3.001990519656517790e+04 2.996005733950946524e+04
-5.983672498949337751e+04 2.781333491117202720e+04 -2.340572928092931761e+04 -6.740050255489110714e+04 1.256755118531415064e+04 5.185481621021639148e+04 5.960489371061205020e+04 9.137611269235319924e+05 -6.604656917074044759e+04 7.515476556477056874e+04 -8.363586072304761910e+04 -1.150634878403428593e+05 -1.759439066115534806e+05 -1.045701427690692799e+04 1.421068433591782814e+05 5.241531185003102291e+04
-2.955398791974510823e+04 -4.638285416514394456e+04 -8.485525750699115451e+04 8.261654998124875419e+04 -1.037781484520619415e+05 1.084591248524099683e+04 4.269049449449031090e+04 -6.604656917074046214e+04 1.015387728969955351e+06 -6.630247194494104770e+04 4.738372291465046874e+04 6.321985267255138751e+04 1.906519158510019770e+05 1.292923622729540075e+05 -7.356475175130165007e+04 8.033395248549854841e+03
-2.662603813272269690e+04 -1.715466576655340396e+04 -3.833831152208163257e+04 -2.582115216077334480e+04 3.591595969077324844e+04 3.456448568564824382e+04 5.789725805014866637e+04 7.515476556477053964e+04 -6.630247194494104770e+04 8.608727295286267763e+05 1.232531925178001547e+05 -8.342560108184657292e+04 1.805826608715578623e+05 -1.320292857921417162e+05 -2.679722161777525616e+04 5.096924884669009771e+04
-2.418508518313942841e+04 -4.986300960626828601e+04 2.198513347423167579e+04 -5.096556866294392239e+04 -3.888489896074844000e+04 -4.218141073352378589e+04 -1.008122972143827647e+05 -8.363586072304759000e+04 4.738372291465046874e+04 1.232531925178001693e+05 7.430854145568720996e+05 1.324175710947039770e+05 3.516163416835322278e+04 -2.058313976344684852e+04 -1.024771875848573691e+05 3.123929269012054647e+04
-2.913482973802256311e+04 1.432122975566654350e+04 4.670253785566989245e+04 -2.970309555124663166e+04 -1.717611565915943356e+05 6.986410250914464996e+03 -1.658640036352238967e+05 -1.150634878403428738e+05 6.321985267255137296e+04 -8.342560108184657292e+04 1.324175710947039479e+05 8.050299332381149288e+05 9.285170895831442613e+04 -4.479274197273106256e+04 -9.915086549924958672e+04 2.357613841227434750e+04
-1.502662195552774210e+04 -2.671267488194984617e+04 5.165492188830049417e+04 -7.520982292783747835e+04 -5.240754453233246022e+04 -3.094348479901593601e+04 -1.244002204156836815e+05 -1.759439066115534806e+05 1.906519158510019479e+05 1.805826608715578914e+05 3.516163416835322278e+04 9.285170895831442613e+04 8.652438706889597233e+05 2.204476206486099909e+04 -3.799017679554651841e+04 3.180116189538829713e+04
3.490545195102799335e+04 7.160845323955625645e+04 -3.598082455085578113e+04 9.885213161882420536e+03 5.305952785752998898e+04 -4.442420786054854398e+04 -1.048749638434349617e+05 -1.045701427690692435e+04 1.292923622729539784e+05 -1.320292857921417453e+05 -2.058313976344684488e+04 -4.479274197273106256e+04 2.204476206486099909e+04 7.808930318647508975e+05 -6.909727566120142910e+03 -1.410746904408240516e+05
-2.171924464233539038e+04 -2.311783896881276087e+04 4.405572657951621659e+04 -2.127285943422639684e+04 7.867732880294582174e+03 -3.379713831533891789e+04 -3.001990519656519245e+04 1.421068433591782814e+05 -7.356475175130169373e+04 -2.679722161777525616e+04 -1.024771875848573691e+05 -9.915086549924958672e+04 -3.799017679554651841e+04 -6.909727566120142910e+03 7.184639391414693091e+05 -1.185449809532061336e+05
-6.443420143635996283e+03 -1.534632296250835134e+04 5.811609037823593826e+04 -1.334275283528541149e+04 3.735343883859822381e+04 7.212172341232904000e+04 2.996005733950946160e+04 5.241531185003103019e+04 8.033395248549853022e+03 5.096924884669010498e+04 3.123929269012055374e+04 2.357613841227434750e+04 3.180116189538829713e+04 -1.410746904408240516e+05 -1.185449809532061336e+05 5.397580380600143690e+05
