2.145082647102193441e+05 -2.696751195393641865e+03 1.913459609340600309e+03 1.233849183107302997e+04 -1.540558330388886498e+04 5.057639336839671887e+04 -9.273521196395170409e+04 4.110170793603060156e+04 8.822795789229411457e+04 5.629208307760304160e+04 4.760109215947774828e+03 2.255324819017726986e+04 -5.218672157671330206e+04 -3.246238834625891832e+04 -3.581527049350437665e+03 -8.695928390875482000e+04 4.232526415185141377e+04 -9.435164776590310794e+03
-2.696751195393640955e+03 4.451810420633621397e+05 9.028805261665449507e+03 -3.914976607802960189e+03 3.209616131730761117e+04 -6.022247363583695551e+04 -2.413711794594861203e+04 5.040968077102412644e+04 -3.345730875352604198e+04 -9.543614433439918503e+04 -4.518750026275724667e+04 -5.093163689554767916e+04 -8.537410988430438738e+04 -9.131707416786844988e+03 -5.062941811270006292e+04 -3.562085696056213055e+04 -3.575403828941716711e+03 1.212134747611942439e+05
1.913459609340600991e+03 9.028805261665449507e+03 4.048525887167597539e+05 2.649580794097251055e+04 3.187850835809496130e+04 1.035385825638949609e+05 1.201553329997113033e+05 -1.878198092237320088e+04 6.711350682399432117e+04 -8.155465557543687464e+04 -9.711664305732143112e+04 -1.938544875583588873e+04 1.076570743147856265e+05 -2.392074507813241507e+04 -1.364301249308502302e+05 -2.100451770128955250e+05 -3.318411095451433994e+03 -3.552014712847254850e+04
1.233849183107303179e+04 -3.914976607802963827e+03 2.649580794097251055e+04 3.999032635924932547e+05 7.128479594455660845e+04 1.539328192493387905e+05 7.686723258683562563e+03 1.312957309883634152e+05 7.824505822516373883e+04 -9.680319476212037262e+04 5.488351435892427253e+04 2.897252650677475685e+04 -1.341420117205496645e+05 2.446498414798984595e+04 6.497106927410181379e+04 -2.009627632807608461e+04 -6.998533765201695496e+04 -1.918552326140403748e+05
-1.540558330388886498e+04 3.209616131730760026e+04 3.187850835809495402e+04 7.128479594455659389e+04 5.262703013843481895e+05 2.117141177275172668e+05 1.288780123853998812e+05 1.293796646117116907e+05 9.738759668011106260e+04 -1.197393556722689536e+05 -7.615338703523136792e+04 1.465062243651953031e+04 -5.910671167007297481e+04 1.078675532602470485e+05 -5.151291175299938186e+04 -2.160354056917689741e+05 7.222394765967970670e+03 -3.100189470574644511e+05
5.057639336839673342e+04 -6.022247363583697734e+04 1.035385825638949609e+05 1.539328192493387905e+05 2.117141177275173541e+05 8.404007935072848340e+05 1.781682904518284486e+05 1.433882366406868969e+05 1.397226766792735434e+05 7.377740898895285500e+04 -1.459958624791611692e+04 -4.087110677020728326e+04 1.033874867651950772e+05 -1.850041688364928414e+05 -2.603940789882520621e+05 4.408059507086286612e+04 4.354835276841594168e+04 -4.436791564555540681e+05
-9.273521196395173320e+04 -2.413711794594862658e+04 1.201553329997113178e+05 7.686723258683578933e+03 1.288780123853998812e+05 1.781682904518284486e+05 7.794543833402015734e+05 -7.095226997129920346e+04 7.874007089077230194e+04 8.612551830433018040e+04 8.899609250690726913e+04 -1.244448251333329536e+05 1.169916841964095656e+05 5.644606419886431831e+04 7.775199012022868556e+04 -1.708222160622357333e+05 -1.030632446566599974e+05 -3.617700453801883268e+05
4.110170793603057973e+04 5.040968077102413372e+04 -1.878198092237318633e+04 1.312957309883634152e+05 1.293796646117117198e+05 1.433882366406868678e+05 -7.095226997129917436e+04 8.154303498254718725e+05 1.288454484489971401e+04 -5.929117576208729588e+04 4.253877755805879860e+04 5.352265908455003955e+04 -1.673736185243422515e+05 2.604320684413154959e+05 -4.421694185841644503e+04 -3.804965413484298188e+04 2.219015652388813323e+05 -8.076869306917498761e+04
8.822795789229414368e+04 -3.345730875352604926e+04 6.711350682399433572e+04 7.824505822516373883e+04 9.738759668011104804e+04 1.397226766792735434e+05 7.874007089077231649e+04 1.288454484489971583e+04 1.216840838436688529e+06 -5.183796507513758115e+04 -3.726442229665363993e+04 2.091499839549525641e+05 1.695426691778942768e+04 -5.545025719786274567e+04 -1.944811647268622764e+05 -2.898987360041285865e+05 -1.706991811643861292e+05 -2.779095405681575066e+05
5.629208307760302705e+04 -9.543614433439917048e+04 -8.155465557543687464e+04 -9.680319476212037262e+04 -1.197393556722689391e+05 7.377740898895282589e+04 8.612551830433015130e+04 -5.929117576208728860e+04 -5.183796507513757388e+04 1.259538160808270099e+06 -1.420148972892049824e+04 -2.707570079371755128e+04 -5.270164544298993133e+04 8.681945072354568765e+03 1.046031305371462367e+05 1.463554906713491655e+05 1.969696167210011045e+05 -1.609365401780534594e+05
4.760109215947773919e+03 -4.518750026275724667e+04 -9.711664305732143112e+04 5.488351435892427253e+04 -7.615338703523138247e+04 -1.459958624791612783e+04 8.899609250690731278e+04 4.253877755805877678e+04 -3.726442229665363993e+04 -1.420148972892049460e+04 1.028409884223049274e+06 -1.090085917782842444e+05 -5.493972489375338046e+04 3.261942099466491491e+05 2.153487004569777346e+05 5.323496735693292430e+04 -6.420826344806190173e+04 -1.303990703211486834e+05
2.255324819017726622e+04 -5.093163689554767916e+04 -1.938544875583588873e+04 2.897252650677474230e+04 1.465062243651955032e+04 -4.087110677020729054e+04 -1.244448251333329390e+05 5.352265908455005410e+04 2.091499839549525932e+05 -2.707570079371754400e+04 -1.090085917782842444e+05 1.938604298135039629e+06 -1.169713054912671214e+05 2.337737861744973634e+05 1.682641397771195043e+05 8.122431771580683999e+05 -4.370589781903725816e+05 -2.017366140942060738e+05
-5.218672157671328750e+04 -8.537410988430435827e+04 1.076570743147856265e+05 -1.341420117205496645e+05 -5.910671167007298209e+04 1.033874867651951645e+05 1.169916841964095220e+05 -1.673736185243422515e+05 1.695426691778942404e+04 -5.270164544298994588e+04 -5.493972489375338046e+04 -1.169713054912670923e+05 1.198565937134347856e+06 -3.879590807989584864e+05 -3.059230521155488677e+05 1.378662464722304721e+05 -1.102255634754315251e+05 -1.291337787139978027e+05
-3.246238834625891832e+04 -9.131707416786846807e+03 -2.392074507813241507e+04 2.446498414798984595e+04 1.078675532602469757e+05 -1.850041688364928123e+05 5.644606419886428193e+04 2.604320684413153795e+05 -5.545025719786274567e+04 8.681945072354570584e+03 3.261942099466490326e+05 2.337737861744974216e+05 -3.879590807989584864e+05 2.569829564270835370e+06 4.693109751058705733e+05 2.686795703293827246e+05 1.196689818422951357e+05 1.954392192377050233e+05
-3.581527049350437210e+03 -5.062941811270006292e+04 -1.364301249308501719e+05 6.497106927410183562e+04 -5.151291175299938186e+04 -2.603940789882520039e+05 7.775199012022870011e+04 -4.421694185841644503e+04 -1.944811647268622473e+05 1.046031305371462076e+05 2.153487004569777637e+05 1.682641397771195625e+05 -3.059230521155488677e+05 4.693109751058705151e+05 1.490011973475570325e+06 -3.189484269233595114e+05 -1.522674477903561201e+05 4.076452829245150206e+05
-8.695928390875480545e+04 -3.562085696056213055e+04 -2.100451770128955541e+05 -2.009627632807608097e+04 -2.160354056917690323e+05 4.408059507086289523e+04 -1.708222160622357333e+05 -3.804965413484298915e+04 -2.898987360041285865e+05 1.463554906713491655e+05 5.323496735693293886e+04 8.122431771580682835e+05 1.378662464722305012e+05 2.686795703293827246e+05 -3.189484269233595114e+05 4.000089548108219169e+06 1.049851338016155933e+05 -9.015327477144532895e+04
4.232526415185140650e+04 -3.575403828941717620e+03 -3.318411095451433994e+03 -6.998533765201692586e+04 7.222394765967972489e+03 4.354835276841594168e+04 -1.030632446566600120e+05 2.219015652388812741e+05 -1.706991811643861292e+05 1.969696167210011045e+05 -6.420826344806190173e+04 -4.370589781903725816e+05 -1.102255634754315251e+05 1.196689818422951212e+05 -1.522674477903561201e+05 1.049851338016156078e+05 2.181834564993163571e+06 5.174059467855566618e+04
-9.435164776590310794e+03 1.212134747611942148e+05 -3.552014712847254850e+04 -1.918552326140403748e+05 -3.100189470574645093e+05 -4.436791564555538935e+05 -3.617700453801884432e+05 -8.076869306917498761e+04 -2.779095405681575066e+05 -1.609365401780534594e+05 -1.303990703211486543e+05 -2.017366140942061611e+05 -1.291337787139977736e+05 1.954392192377049942e+05 4.076452829245149624e+05 -9.015327477144531440e+04 5.174059467855566618e+04 3.889147995430573821e+06
