1.921395034388918721e+05 -6.472636671629895318e+03 -3.491619205391943251e+04 5.248260802285327372e+04 3.453637353580712806e+04 1.225089016677610925e+04 8.543499873962697166e+04 -6.922175748231884791e+04 -5.133092468931045005e+04 1.337207830112802003e+04 1.055295344143019247e+04 -1.046431893473921264e+04
-6.472636671629898046e+03 2.522169245695700520e+05 3.301833663275417348e+04 4.980504579577895493e+04 2.320360233660166341e+04 1.261838158576428832e+05 -5.061137218657777703e+04 -5.372269458813331585e+04 1.879015082335933403e+04 1.872108646314746147e+04 -1.860220698976435233e+04 -3.062301981229580633e+04
-3.491619205391941796e+04 3.301833663275416620e+04 7.014892541373424465e+05 2.475378129922110529e+05 1.275063247780881211e+05 4.397174798906508659e+04 -1.104105115593134396e+05 -1.235373437432023202e+05 -1.116559266310469684e+05 -1.060954591046835412e+05 -9.008056769099619123e+04 5.592429830164789018e+04
5.248260802285328100e+04 4.980504579577895493e+04 2.475378129922111402e+05 7.951280988373982254e+05 2.022034687069210122e+04 2.232153033633904488e+04 -2.331752086942674068e+05 -9.607799235097199926e+03 -1.548697671294412576e+05 -1.115259554799945181e+05 -2.579641535998103791e+04 -2.898039374797811615e+04
3.453637353580711351e+04 2.320360233660165977e+04 1.275063247780880774e+05 2.022034687069210122e+04 7.754465929942724761e+05 -3.174329957210615612e+04 1.000798832014199725e+05 -2.533190373544416798e+05 -2.509328591498754395e+05 -7.285324291670390812e+04 -5.915658016161313572e+04 2.446770636398778151e+04
1.225089016677610925e+04 1.261838158576429123e+05 4.397174798906507931e+04 2.232153033633903760e+04 -3.174329957210616340e+04 6.325176577637543669e+05 -5.422164499593678192e+04 -2.708877677146439601e+04 -9.423988033495716809e+04 -2.734951131965777222e+03 -2.527396517515615778e+04 -7.141586737123089551e+04
8.543499873962695710e+04 -5.061137218657776975e+04 -1.104105115593134396e+05 -2.331752086942673486e+05 1.000798832014199579e+05 -5.422164499593678192e+04 8.866827181873203954e+05 -5.114314844110598642e+04 8.028745261235957150e+04 1.404246109380572452e+05 -1.513930107964716808e+04 3.675766074515493528e+04
-6.922175748231880425e+04 -5.372269458813332312e+04 -1.235373437432023493e+05 -9.607799235097198107e+03 -2.533190373544416507e+05 -2.708877677146439237e+04 -5.114314844110600825e+04 8.913345230915629072e+05 1.457526809830159764e+05 -2.752249154133101547e+04 -1.242726630951104198e+04 -7.011333796354017977e+04
-5.133092468931045005e+04 1.879015082335934130e+04 -1.116559266310469829e+05 -1.548697671294412576e+05 -2.509328591498754686e+05 -9.423988033495718264e+04 8.028745261235957150e+04 1.457526809830159764e+05 1.024818084800863173e+06 5.810401568071106885e+04 1.864165414936517482e+05 3.612248121513902879e+04
1.337207830112802003e+04 1.872108646314745420e+04 -1.060954591046835267e+05 -1.115259554799945181e+05 -7.285324291670390812e+04 -2.734951131965777222e+03 1.404246109380572452e+05 -2.752249154133101547e+04 5.810401568071106885e+04 4.029296359269819222e+05 1.635927665877865547e+04 -1.325393364767449384e+04
1.055295344143019247e+04 -1.860220698976435233e+04 -9.008056769099617668e+04 -2.579641535998103791e+04 -5.915658016161312844e+04 -2.527396517515615051e+04 -1.513930107964716444e+04 -1.242726630951103471e+04 1.864165414936517773e+05 1.635927665877865547e+04 2.774274435390335275e+05 -6.078669357262347148e+03
-1.046431893473921082e+04 -3.062301981229580269e+04 5.592429830164787563e+04 -2.898039374797811979e+04 2.446770636398778151e+04 -7.141586737123092462e+04 3.675766074515493528e+04 -7.011333796354015067e+04 3.612248121513902879e+04 -1.325393364767449384e+04 -6.078669357262345329e+03 3.043747972540582996e+05
