2.527137516612892970e+06 -4.825557152002017829e+05 2.773594840634647408e+05 4.089748116104149376e+05 -4.192164753309708904e+05 5.214239607816002099e+05 3.051549336516738913e+04 6.392086365517496597e+05 -6.760316154382894456e+04 -2.842726227311434923e+05 4.366204547300125705e+05 -3.991541070983085083e+05 -7.983583847954171943e+05 -1.397379033536972420e+05 -4.478595770811280818e+05 -1.199571378482567379e+05 1.089236963989020005e+05 8.773990481129027903e+05
-4.825557152002015500e+05 3.367909387716828380e+06 2.516738045646488317e+05 -8.729313957585398748e+04 7.328028454339585733e+05 3.045661082597838831e+05 1.120516455732693663e+06 -3.722869607900817937e+04 5.227945510795993323e+04 -1.716492662974745908e+05 -1.066901397576082672e+05 -7.433121908697604667e+05 2.532711087431975102e+03 -8.913116453381595784e+04 1.592348707450427173e+04 -5.999988572829463519e+05 3.824510259545018780e+05 -1.929442556514345342e+06
2.773594840634646243e+05 2.516738045646487735e+05 2.314820751861216500e+06 4.564456768069043756e+05 -1.015151550363560673e+05 2.434030253404079122e+05 -3.534955489109112532e+05 -1.990364688186595449e+05 2.967665248671663358e+04 -8.189541168104816461e+05 -2.192295220721293590e+05 1.512375976896929496e+05 -6.751812305985213025e+05 -1.883339939144337040e+04 -1.110329183885174338e+06 -6.833883603067421063e+04 -8.687698001048413571e+05 2.369870927016053174e+05
4.089748116104149376e+05 -8.729313957585413300e+04 4.564456768069043756e+05 2.959384319702305831e+06 5.339622961835270980e+05 1.016970699530260405e+06 5.397540387489881832e+05 6.929035511809956515e+05 1.881673622040252958e+05 -2.928577861124808551e+05 -1.037470022764753900e+06 -4.409141785365119576e+05 -3.392079971682482283e+05 -4.902014946609420003e+05 5.191592392502143630e+05 -9.397662120587041136e+05 -6.776818358993293950e+05 8.674087335683339916e+04
-4.192164753309711232e+05 7.328028454339584569e+05 -1.015151550363560818e+05 5.339622961835270980e+05 3.115493035943528637e+06 8.069490077064251527e+05 5.311480138770836638e+05 5.442534692069907906e+05 -2.668942160984458751e+05 -5.456795059820886672e+04 -9.588814093253785977e+05 1.221293266391004290e+05 9.265647814238507635e+03 -4.553575688748817774e+05 -4.062279778753342689e+05 -8.150019921209061285e+05 -7.429466641520033590e+05 -1.007844980133006582e+06
5.214239607816002099e+05 3.045661082597838249e+05 2.434030253404078248e+05 1.016970699530260288e+06 8.069490077064250363e+05 3.657071960511471145e+06 1.038546279192395275e+06 1.117026854276473401e+06 -1.713096597874286817e+05 -7.887776583371255547e+05 -1.026375305194894085e+06 -5.885416322296471335e+05 -7.867046312708501937e+05 -8.587754726756329183e+05 5.493419274239923107e+05 -3.188399947928748443e+05 -8.802407567258031122e+03 -2.085708606869305251e+06
3.051549336516739641e+04 1.120516455732693430e+06 -3.534955489109112532e+05 5.397540387489881832e+05 5.311480138770836638e+05 1.038546279192395159e+06 4.607492428106258623e+06 8.383904895322724478e+05 -2.853593468454191316e+04 8.997547928010968026e+05 -1.116512243359286076e+05 -9.789581607833759626e+05 -1.034193678010939504e+06 -7.071811938160872087e+05 5.419262673010920407e+05 -5.307554459948596777e+05 -6.746949459132573975e+04 -2.012673382821173873e+06
6.392086365517495433e+05 -3.722869607900818664e+04 -1.990364688186597778e+05 6.929035511809956515e+05 5.442534692069909070e+05 1.117026854276473168e+06 8.383904895322725642e+05 4.910122189747829922e+06 3.630465654757382581e+05 -3.486565567145914538e+05 -9.920565958073853981e+05 -4.486772812560556340e+05 -3.858255874045518576e+05 -6.946080614877411863e+05 -3.793347531652363832e+05 5.615656592344171077e+04 5.552200716966994805e+05 -1.689081791560550919e+06
-6.760316154382894456e+04 5.227945510795994778e+04 2.967665248671664085e+04 1.881673622040253249e+05 -2.668942160984459333e+05 -1.713096597874285362e+05 -2.853593468454185859e+04 3.630465654757382581e+05 3.894485574613758828e+06 3.994140300368154421e+05 2.548181759917757299e+05 -1.813837673297139991e+05 -2.826306906113345176e+05 -2.265138649578360782e+05 -2.826291567406121758e+05 -4.435216671876544715e+05 6.865479432758026524e+05 1.498649207824633457e+06
-2.842726227311436087e+05 -1.716492662974745326e+05 -8.189541168104816461e+05 -2.928577861124809133e+05 -5.456795059820886672e+04 -7.887776583371254383e+05 8.997547928010964533e+05 -3.486565567145913956e+05 3.994140300368153839e+05 4.959554254856475629e+06 -1.184639892228464741e+05 -1.007071306402455433e+06 -4.855260925360602560e+05 1.035653626545035862e+06 -1.616004059391043556e+05 2.180298693273955141e+05 -1.323973214343822561e+06 -1.507023061642981600e+06
4.366204547300125705e+05 -1.066901397576082527e+05 -2.192295220721293299e+05 -1.037470022764754249e+06 -9.588814093253787141e+05 -1.026375305194894550e+06 -1.116512243359286658e+05 -9.920565958073855145e+05 2.548181759917755553e+05 -1.184639892228464450e+05 5.187085845164692029e+06 2.889457255540339393e+05 6.002343640035940334e+05 6.158598441717503592e+05 -8.408466726486391854e+05 -5.159789441764604999e+05 2.168134219508461654e+06 9.742578125751728658e+05
-3.991541070983085665e+05 -7.433121908697604667e+05 1.512375976896929205e+05 -4.409141785365119576e+05 1.221293266391005018e+05 -5.885416322296470171e+05 -9.789581607833760791e+05 -4.486772812560555758e+05 -1.813837673297139991e+05 -1.007071306402455200e+06 2.889457255540339975e+05 4.856039675347963348e+06 6.757810638034557924e+05 -4.816644274581103818e+05 2.018657087592332100e+05 5.023490856079162331e+05 1.445114139521762729e+06 1.796938190577595262e+06
-7.983583847954170778e+05 2.532711087431908254e+03 -6.751812305985213025e+05 -3.392079971682482865e+05 9.265647814238545834e+03 -7.867046312708501937e+05 -1.034193678010939737e+06 -3.858255874045517994e+05 -2.826306906113344012e+05 -4.855260925360603724e+05 6.002343640035940334e+05 6.757810638034557924e+05 9.752692020006753504e+06 1.519073513201068854e+06 -1.005441255048402672e+05 6.541371507203881629e+05 1.951651411374236457e+06 -1.318049402860794449e+06
-1.397379033536972711e+05 -8.913116453381591418e+04 -1.883339939144337040e+04 -4.902014946609420003e+05 -4.553575688748817774e+05 -8.587754726756329183e+05 -7.071811938160873251e+05 -6.946080614877411863e+05 -2.265138649578360782e+05 1.035653626545035862e+06 6.158598441717503592e+05 -4.816644274581103818e+05 1.519073513201068388e+06 6.333537820534438826e+06 -8.634867693866465706e+05 5.473902575711711543e+05 9.558516820445220219e+05 -1.941339238594423747e+06
-4.478595770811280818e+05 1.592348707450418988e+04 -1.110329183885174338e+06 5.191592392502145958e+05 -4.062279778753342689e+05 5.493419274239926599e+05 5.419262673010916915e+05 -3.793347531652363250e+05 -2.826291567406120594e+05 -1.616004059391043847e+05 -8.408466726486389525e+05 2.018657087592332100e+05 -1.005441255048402818e+05 -8.634867693866466871e+05 6.682691487958873622e+06 -7.819802417546188226e+05 -6.534980842531836824e+05 -1.830506864817078458e+05
-1.199571378482567670e+05 -5.999988572829463519e+05 -6.833883603067413787e+04 -9.397662120587042300e+05 -8.150019921209061285e+05 -3.188399947928748443e+05 -5.307554459948596777e+05 5.615656592344174715e+04 -4.435216671876544133e+05 2.180298693273954850e+05 -5.159789441764604999e+05 5.023490856079162913e+05 6.541371507203881629e+05 5.473902575711711543e+05 -7.819802417546192883e+05 6.460918817421191372e+06 1.004865293611679663e+05 -6.866914374344899552e+05
1.089236963989020442e+05 3.824510259545021108e+05 -8.687698001048411243e+05 -6.776818358993293950e+05 -7.429466641520032426e+05 -8.802407567258025665e+03 -6.746949459132568154e+04 5.552200716966994805e+05 6.865479432758027688e+05 -1.323973214343823027e+06 2.168134219508461654e+06 1.445114139521762729e+06 1.951651411374236457e+06 9.558516820445220219e+05 -6.534980842531835660e+05 1.004865293611679372e+05 1.175862291550468281e+07 -3.871125327521288418e+05
8.773990481129034888e+05 -1.929442556514344877e+06 2.369870927016052301e+05 8.674087335683353012e+04 -1.007844980133006466e+06 -2.085708606869305251e+06 -2.012673382821174338e+06 -1.689081791560550686e+06 1.498649207824633690e+06 -1.507023061642981600e+06 9.742578125751728658e+05 1.796938190577595029e+06 -1.318049402860794216e+06 -1.941339238594423747e+06 -1.830506864817078167e+05 -6.866914374344901880e+05 -3.871125327521287836e+05 2.389742896244177222e+07
