2.738684328825111967e+06 5.634328983943607891e+05 1.513539490897780342e+05 8.518141531788249267e+05 6.919516244228709256e+05 2.710945090128741576e+05 7.804607680077829864e+05 7.062169541977189947e+05 4.098076981502099079e+05 8.350785568400223274e+05 -3.042400619998834445e+05 -1.735478660162803135e+05 -5.375201023463309975e+05 -9.032294038921868196e+05 -3.158065915696203243e+06 -1.354723763143064571e+05 1.829297904964238114e+05 -1.232985337354421208e+05 8.371044983378417091e+05 -8.318252806903495220e+05
5.634328983943606727e+05 2.441850622961166315e+06 6.772718386538942286e+04 2.009451636780587723e+05 3.405880636319214827e+05 2.752338659586280701e+05 3.327816733460477553e+05 -1.342364509554994875e+05 1.604146924073003174e+05 2.944221467755514896e+05 -6.416491013908050954e+05 -2.847243996495985193e+05 -8.266152186045512790e+05 -2.597816465713022044e+05 -1.336475435318324249e+06 -5.673268520609630505e+05 -6.802150793513128883e+04 -8.768139577301807003e+05 5.662149705496305251e+04 1.585889884584117972e+05
1.513539490897780925e+05 6.772718386538937921e+04 2.053594027186772553e+06 2.952489866252467036e+05 -3.475079175139859581e+04 4.078861824772401596e+05 2.824866298325634561e+05 3.962352398998983554e+05 -1.824171055761786702e+05 9.834840086086253868e+05 -3.206145501517481753e+05 -1.230486800209031207e+05 -1.474764724734119605e+06 5.233992307495125715e+04 -1.126199418882099446e+06 -6.287597386723710224e+05 1.897591382796629623e+05 -8.332742300256585004e+05 -1.133506589634012664e+06 -1.206023746202793700e+05
8.518141531788248103e+05 2.009451636780588015e+05 2.952489866252467036e+05 2.643087125058969948e+06 9.301347969903968042e+05 6.370867620083707152e+05 1.061374687720656395e+06 1.164343819595993729e+06 1.083740096153591527e+06 6.304246367013087729e+05 4.053840742310262285e+05 -4.644633476812967274e+04 -3.490890914563873084e+05 -6.112635190141029889e+05 -6.780750504259451991e+05 -1.756590357842956204e+06 -2.165749571267260471e+05 6.255569013783431146e+05 -4.580517760969194351e+05 -4.578861543046350125e+05
6.919516244228710420e+05 3.405880636319214827e+05 -3.475079175139847939e+04 9.301347969903970370e+05 2.697227473287423141e+06 6.755788478601664538e+05 5.213623334241914563e+05 7.768507094488753937e+05 2.920396342234034673e+05 -2.686439893665697309e+05 -1.076739763973757217e+05 3.014292447444419377e+05 2.482584259045786457e+05 -4.938152008576996741e+05 -2.141145944083084352e+06 -1.613613920525732683e+06 1.531909021748864907e+05 -1.259983586548478575e+06 -8.202701619299161248e+05 -5.632367709913980216e+05
2.710945090128742158e+05 2.752338659586280701e+05 4.078861824772401014e+05 6.370867620083708316e+05 6.755788478601662209e+05 2.286441069258750416e+06 1.025438057767169317e+06 1.508429259861064202e+05 1.110409561442515260e+05 -1.624977587032643205e+05 -4.091254762265245081e+05 3.283871395652925712e+05 -3.435550846823074389e+05 -1.526004154409080977e+06 -2.789141706438551191e+06 -6.695352931180344895e+05 -3.485491877211778774e+05 -1.254724842639745213e+06 -1.169289844778473256e+06 -9.799536599426424364e+05
7.804607680077829864e+05 3.327816733460477553e+05 2.824866298325634561e+05 1.061374687720656395e+06 5.213623334241915727e+05 1.025438057767169201e+06 4.031134454992695246e+06 1.480054602631018963e+06 3.350677156406879658e+05 2.685223971808401620e+04 -2.687901000445227255e+05 -5.499235606094034156e+05 2.416562676798949542e+05 5.352682330899265362e+05 -4.149512086303765886e+06 1.318765728692119010e+05 -1.851637803228941339e+05 -1.651767563420350896e+06 1.328923808329893975e+06 -1.108869924747362966e+06
7.062169541977189947e+05 -1.342364509554995457e+05 3.962352398998983554e+05 1.164343819595993496e+06 7.768507094488753937e+05 1.508429259861065366e+05 1.480054602631018963e+06 6.567544221488043666e+06 1.573529130287698004e+06 6.583368153579048521e+04 -3.635369636143180542e+05 -1.452624585347089916e+06 -1.046146572675237898e+06 -1.148654980281182099e+06 -1.058601516628189711e+06 -2.334505563737892080e+06 -1.388107177926200675e+05 -4.068861124152592383e+05 1.697855158237576252e+06 -1.100109556532778777e+06
4.098076981502099079e+05 1.604146924073003174e+05 -1.824171055761787866e+05 1.083740096153591061e+06 2.920396342234034673e+05 1.110409561442516424e+05 3.350677156406880240e+05 1.573529130287697772e+06 4.322732663982766680e+06 6.007780343871322693e+05 3.630159893543470534e+05 2.281395424317137513e+05 5.015470485242372524e+04 -7.665198618605339434e+05 -8.129324772398817586e+05 -3.374149806683201314e+04 -4.279166569329793856e+04 9.293641088124179514e+05 1.251796017660658341e+06 -1.350949226795096882e+06
8.350785568400224438e+05 2.944221467755515478e+05 9.834840086086256197e+05 6.304246367013087729e+05 -2.686439893665692653e+05 -1.624977587032642041e+05 2.685223971808384158e+04 6.583368153579071804e+04 6.007780343871321529e+05 1.451128675962257385e+07 1.457058961480235681e+06 9.551567396876002022e+04 -1.813168406154432159e+05 -2.229028996885883622e+06 4.462912761428135447e+06 3.043982300435729558e+05 -3.343853028348281514e+05 1.026132970779610681e+06 -1.200636180072681280e+06 -9.839015704424347496e+05
-3.042400619998832117e+05 -6.416491013908048626e+05 -3.206145501517484663e+05 4.053840742310261703e+05 -1.076739763973757363e+05 -4.091254762265246245e+05 -2.687901000445228419e+05 -3.635369636143179960e+05 3.630159893543469952e+05 1.457058961480235681e+06 8.372515231425500475e+06 -1.214206911076484481e+06 1.605524428809463570e+05 8.512756677231309004e+05 2.367336523215738591e+06 -1.770625973782420624e+06 8.924210691736160079e+05 -1.529546242041249759e+06 5.394718217654643813e+05 -6.088484088486928958e+05
-1.735478660162803426e+05 -2.847243996495985775e+05 -1.230486800209031062e+05 -4.644633476812967274e+04 3.014292447444420541e+05 3.283871395652924548e+05 -5.499235606094032992e+05 -1.452624585347089684e+06 2.281395424317136349e+05 9.551567396876013663e+04 -1.214206911076484714e+06 1.186136830252914876e+07 -3.241394875185461133e+05 -2.279458575932955369e+06 2.184927729383364785e+06 1.102835161304642912e+06 -1.115829382177479099e+06 -9.144456872526445659e+05 -2.757049339969036635e+06 -2.555060028228429437e+05
-5.375201023463309975e+05 -8.266152186045511626e+05 -1.474764724734120304e+06 -3.490890914563873666e+05 2.482584259045786457e+05 -3.435550846823074389e+05 2.416562676798950706e+05 -1.046146572675237898e+06 5.015470485242360883e+04 -1.813168406154432450e+05 1.605524428809463279e+05 -3.241394875185461133e+05 9.504589417799372226e+06 2.039642713315134868e+06 3.308644919825743884e+06 8.027195415348530514e+05 -6.935264456992363557e+05 3.021419802005694364e+05 7.511388251814600080e+05 1.697263009654135909e+06
-9.032294038921867032e+05 -2.597816465713022044e+05 5.233992307495131536e+04 -6.112635190141029889e+05 -4.938152008576997323e+05 -1.526004154409081209e+06 5.352682330899263034e+05 -1.148654980281182099e+06 -7.665198618605339434e+05 -2.229028996885883622e+06 8.512756677231312497e+05 -2.279458575932955835e+06 2.039642713315134635e+06 1.515851813072795421e+07 3.725163998610476963e+06 1.549816558698835317e+06 1.606557209470117232e+06 1.857560760709513444e+06 7.518107239069753268e+04 -4.986152056531359267e+04
-3.158065915696203709e+06 -1.336475435318324948e+06 -1.126199418882099446e+06 -6.780750504259451991e+05 -2.141145944083084352e+06 -2.789141706438551191e+06 -4.149512086303765420e+06 -1.058601516628189478e+06 -8.129324772398817586e+05 4.462912761428133585e+06 2.367336523215738591e+06 2.184927729383364320e+06 3.308644919825742953e+06 3.725163998610477429e+06 6.312740075701217353e+07 8.659395200392053230e+05 1.064322179000819335e+06 6.867642809662062675e+06 -3.818337569652587990e+05 5.698191767506879754e+06
-1.354723763143065735e+05 -5.673268520609630505e+05 -6.287597386723712552e+05 -1.756590357842956902e+06 -1.613613920525732683e+06 -6.695352931180344895e+05 1.318765728692117846e+05 -2.334505563737892080e+06 -3.374149806683212955e+04 3.043982300435731886e+05 -1.770625973782420624e+06 1.102835161304642679e+06 8.027195415348530514e+05 1.549816558698835084e+06 8.659395200392053230e+05 8.841401412807593122e+06 6.889402762308170786e+05 -9.818713451113618212e+05 5.780086918492360273e+05 2.473035746292113792e+06
1.829297904964238696e+05 -6.802150793513128883e+04 1.897591382796629041e+05 -2.165749571267260762e+05 1.531909021748863161e+05 -3.485491877211778774e+05 -1.851637803228941630e+05 -1.388107177926200966e+05 -4.279166569329793856e+04 -3.343853028348281514e+05 8.924210691736162407e+05 -1.115829382177478634e+06 -6.935264456992364721e+05 1.606557209470117465e+06 1.064322179000819335e+06 6.889402762308169622e+05 4.673243721664461307e+06 -1.524507487471651519e+06 -5.607085823210424278e+05 -1.867054461865868507e+04
-1.232985337354421208e+05 -8.768139577301805839e+05 -8.332742300256585004e+05 6.255569013783429982e+05 -1.259983586548478575e+06 -1.254724842639744515e+06 -1.651767563420350896e+06 -4.068861124152592965e+05 9.293641088124176022e+05 1.026132970779610681e+06 -1.529546242041249527e+06 -9.144456872526449151e+05 3.021419802005694946e+05 1.857560760709512746e+06 6.867642809662062675e+06 -9.818713451113618212e+05 -1.524507487471651286e+06 2.927917089704976603e+07 1.412746409627915593e+06 -3.395139932462317869e+06
8.371044983378418256e+05 5.662149705496316892e+04 -1.133506589634012664e+06 -4.580517760969194351e+05 -8.202701619299161248e+05 -1.169289844778473489e+06 1.328923808329893509e+06 1.697855158237575321e+06 1.251796017660658574e+06 -1.200636180072681280e+06 5.394718217654643813e+05 -2.757049339969035704e+06 7.511388251814597752e+05 7.518107239069748903e+04 -3.818337569652588572e+05 5.780086918492360273e+05 -5.607085823210424278e+05 1.412746409627915593e+06 2.111760957897918671e+07 4.560029123305505491e+05
-8.318252806903495220e+05 1.585889884584117681e+05 -1.206023746202794719e+05 -4.578861543046349543e+05 -5.632367709913980216e+05 -9.799536599426425528e+05 -1.108869924747362966e+06 -1.100109556532778544e+06 -1.350949226795097115e+06 -9.839015704424347496e+05 -6.088484088486930123e+05 -2.555060028228427982e+05 1.697263009654135676e+06 -4.986152056531328708e+04 5.698191767506878823e+06 2.473035746292114258e+06 -1.867054461865866324e+04 -3.395139932462317869e+06 4.560029123305505491e+05 1.885326590673553199e+07
