1.572327028050997993e+06 -5.503619512527043844e+04 -4.693740121865840774e+04 5.037676515182323055e+05 4.979794486439379398e+04 3.977588681445890688e+05 -3.828426236030769360e+04 -5.399211243440607359e+04 5.360095574527914869e+05 2.516021045606400294e+05 -1.084897092275292380e+06 1.455707242568863439e+05 -3.137505379282489303e+05 3.655872617842440377e+05 -3.700130389481500024e+05 -3.876152668223972432e+05 6.109848681612262590e+04 -8.053161749700740911e+05 1.997714373520997469e+05
-5.503619512527040933e+04 1.626032385933271609e+06 -1.761457980212327384e+05 7.688438031286858313e+04 4.307139797860141844e+05 -4.051919434967281268e+04 -2.565665002096259850e+05 -2.542911480671814934e+05 1.883199776646236933e+04 -1.876202963299164549e+05 8.988613175753498217e+05 2.761378501660358161e+05 -2.726413296534094479e+04 -4.115011073867951200e+04 -5.605592340230203263e+04 -1.497606512871373270e+05 3.178393525829502032e+05 3.635450256028479198e+05 -5.320357917063352943e+04
-4.693740121865840047e+04 -1.761457980212327384e+05 2.658084393241270445e+06 3.663534907001224929e+05 2.756066928051457508e+05 4.794965909156289999e+05 -5.187431455294888292e+04 -3.001804022162707406e+05 3.183402821399769164e+05 -1.117528315940443717e+05 -2.191015516877499409e+06 -6.932096398853100836e+05 3.425462557176703122e+05 -7.391614156307381345e+05 -9.582654032619746868e+05 2.705108304562662397e+03 1.869657881073838798e+05 2.102622119094408845e+04 -1.085083974556058645e+06
5.037676515182320145e+05 7.688438031286858313e+04 3.663534907001224929e+05 3.680100333218142856e+06 1.992272637983566674e+05 3.478473646038270090e+05 -4.537488107924466603e+05 3.402940400140083511e+05 -6.891112664577987744e+05 5.240379509066868923e+05 1.933801060846684268e+05 -5.831284581254875520e+05 1.192100483540067362e+05 -8.036073792323570233e+05 -5.358166944029562874e+05 4.818403917901559616e+05 -1.355274320021999534e+06 -6.046980575120273897e+03 1.091078257184707327e+06
4.979794486439380125e+04 4.307139797860140679e+05 2.756066928051456925e+05 1.992272637983566965e+05 3.882336787607994862e+06 -1.838046881796214147e+05 2.739280052767152083e+05 -2.310144640075294592e+05 1.255185969519606559e+06 3.504652001298559480e+05 2.406120779237449460e+05 -9.455910806008789223e+04 -3.901407530543277971e+05 1.036041047684824793e+06 -8.378141789700427325e+05 -9.729339492251785705e+05 -9.520914768800426973e+05 -1.082867362853649247e+05 5.676982051115541981e+04
3.977588681445892435e+05 -4.051919434967275447e+04 4.794965909156291164e+05 3.478473646038269508e+05 -1.838046881796217640e+05 7.750936143752085976e+06 8.833290992953906534e+05 -1.359292380309584085e+06 -1.236213863709473051e+06 -7.296446049341768958e+05 -2.490345998818838503e+06 -4.898333419315712526e+05 -3.546297034006071044e+04 2.109001330077508173e+05 2.269393834408372641e+05 -2.101222970162837883e+05 -5.030150492797627230e+05 3.913215561834963737e+05 -6.172602029646859737e+05
-3.828426236030765722e+04 -2.565665002096260141e+05 -5.187431455294886837e+04 -4.537488107924465439e+05 2.739280052767152083e+05 8.833290992953905370e+05 7.757182198157422245e+06 1.967382885362502129e+05 8.538116597390052630e+04 -7.259567257866660366e+05 -9.257786381250873674e+05 -1.188197148967487970e+06 -3.907777203497372102e+04 2.831382357693458907e+05 1.362069287413859973e+06 -5.134559607067041215e+05 -5.399300697708097287e+05 -2.343324000230836391e+05 -1.070517789373323787e+06
-5.399211243440598628e+04 -2.542911480671813770e+05 -3.001804022162710316e+05 3.402940400140083511e+05 -2.310144640075294010e+05 -1.359292380309584318e+06 1.967382885362501547e+05 9.895187938967803493e+06 -9.670079159683069447e+05 -1.038262608357969788e+06 1.103124262167317327e+06 -1.074139777611335739e+06 9.147896353417359060e+05 2.048068190214725910e+05 2.879146140272248886e+05 1.974832653792578785e+05 -1.167065096985049458e+05 3.094171244594151503e+05 -8.282344779238918563e+05
5.360095574527917197e+05 1.883199776646236933e+04 3.183402821399770328e+05 -6.891112664577988908e+05 1.255185969519606326e+06 -1.236213863709473051e+06 8.538116597390055540e+04 -9.670079159683069447e+05 9.394492367636714131e+06 4.599674287537685595e+05 6.959455651816078462e+05 -1.435150832772273134e+04 -2.006837954081697157e+06 1.485539041461859131e+06 1.272286946448783390e+06 -7.038565201451320900e+05 5.429782361021760153e+05 -2.189913760021975730e+06 4.863975298298824346e+05
2.516021045606400294e+05 -1.876202963299163675e+05 -1.117528315940443572e+05 5.240379509066870669e+05 3.504652001298560644e+05 -7.296446049341768958e+05 -7.259567257866659202e+05 -1.038262608357970021e+06 4.599674287537687342e+05 8.738458738890774548e+06 2.312676977947975043e+06 -2.537288034826927469e+05 1.176500651808280963e+06 9.326381809844892705e+05 -1.225791039698618697e+06 -5.736203985686476808e+05 5.989148864097340265e+05 -3.368896700245890534e+05 3.339777070734054781e+06
-1.084897092275292380e+06 8.988613175753498217e+05 -2.191015516877499409e+06 1.933801060846684268e+05 2.406120779237448878e+05 -2.490345998818837106e+06 -9.257786381250874838e+05 1.103124262167317560e+06 6.959455651816078462e+05 2.312676977947975509e+06 1.910375743790078908e+07 -5.194048527233074419e+05 -1.026125397446885618e+05 1.282611369224220980e+06 2.355401511623433180e+04 -8.359446193622045685e+05 -1.386307182936996920e+06 -1.311344280762992799e+06 1.913176527838850161e+06
1.455707242568864604e+05 2.761378501660359325e+05 -6.932096398853102000e+05 -5.831284581254872028e+05 -9.455910806008780492e+04 -4.898333419315712526e+05 -1.188197148967487738e+06 -1.074139777611335972e+06 -1.435150832772260583e+04 -2.537288034826926305e+05 -5.194048527233074419e+05 9.592738404154075310e+06 7.446677802616551053e+05 8.282415328634525649e+05 -5.597360152679232415e+05 1.378709200341229793e+06 -3.484786927223135135e+05 2.477316166506986483e+05 1.658575411662281025e+06
-3.137505379282487556e+05 -2.726413296534094115e+04 3.425462557176701957e+05 1.192100483540068381e+05 -3.901407530543277389e+05 -3.546297034006090689e+04 -3.907777203497361188e+04 9.147896353417359060e+05 -2.006837954081696691e+06 1.176500651808280032e+06 -1.026125397446885909e+05 7.446677802616551053e+05 8.694148954436535016e+06 1.327701978577345435e+05 -2.045386656998157559e+05 1.087150106455737114e+05 3.541562214863494737e+05 2.099185096058329102e+06 -6.603963743412120675e+04
3.655872617842440959e+05 -4.115011073867951200e+04 -7.391614156307380181e+05 -8.036073792323571397e+05 1.036041047684825258e+06 2.109001330077508464e+05 2.831382357693464728e+05 2.048068190214727365e+05 1.485539041461858666e+06 9.326381809844895033e+05 1.282611369224220514e+06 8.282415328634525649e+05 1.327701978577346017e+05 6.265230151226213202e+06 2.983016674003740191e+05 -1.093640029942947207e+06 -2.756924150050113676e+05 -3.008688667071968084e+05 4.143884476629009005e+05
-3.700130389481500024e+05 -5.605592340230203263e+04 -9.582654032619750360e+05 -5.358166944029561710e+05 -8.378141789700426161e+05 2.269393834408374387e+05 1.362069287413860206e+06 2.879146140272248886e+05 1.272286946448784089e+06 -1.225791039698619163e+06 2.355401511623440092e+04 -5.597360152679231251e+05 -2.045386656998157268e+05 2.983016674003740191e+05 7.033329834173960611e+06 1.691034228431729600e+06 -6.529994045248636976e+05 -9.395709384925089544e+05 -1.238678416774564888e+06
-3.876152668223973596e+05 -1.497606512871373270e+05 2.705108304562646936e+03 4.818403917901561945e+05 -9.729339492251783377e+05 -2.101222970162837883e+05 -5.134559607067042962e+05 1.974832653792577912e+05 -7.038565201451318571e+05 -5.736203985686477972e+05 -8.359446193622044520e+05 1.378709200341230026e+06 1.087150106455737114e+05 -1.093640029942946509e+06 1.691034228431729367e+06 7.260639606672549620e+06 6.349704871211815625e+05 -1.607296660828922759e+05 -9.173183402500133961e+05
6.109848681612263317e+04 3.178393525829501450e+05 1.869657881073838216e+05 -1.355274320022000233e+06 -9.520914768800428137e+05 -5.030150492797627230e+05 -5.399300697708097287e+05 -1.167065096985049604e+05 5.429782361021760153e+05 5.989148864097342594e+05 -1.386307182936996920e+06 -3.484786927223133971e+05 3.541562214863493573e+05 -2.756924150050113676e+05 -6.529994045248638140e+05 6.349704871211815625e+05 1.047272641687049344e+07 9.201701566123901866e+05 -1.390714816392781213e+06
-8.053161749700742075e+05 3.635450256028479780e+05 2.102622119094411391e+04 -6.046980575120248432e+03 -1.082867362853648956e+05 3.913215561834963737e+05 -2.343324000230836100e+05 3.094171244594152085e+05 -2.189913760021975264e+06 -3.368896700245890534e+05 -1.311344280762992101e+06 2.477316166506986483e+05 2.099185096058329102e+06 -3.008688667071968666e+05 -9.395709384925088380e+05 -1.607296660828922468e+05 9.201701566123904195e+05 1.274864679308911413e+07 -1.531923734284893610e+06
1.997714373520996596e+05 -5.320357917063350760e+04 -1.085083974556058878e+06 1.091078257184707094e+06 5.676982051115541253e+04 -6.172602029646857409e+05 -1.070517789373323089e+06 -8.282344779238919728e+05 4.863975298298823182e+05 3.339777070734054781e+06 1.913176527838849928e+06 1.658575411662280094e+06 -6.603963743412120675e+04 4.143884476629009005e+05 -1.238678416774565121e+06 -9.173183402500135126e+05 -1.390714816392781679e+06 -1.531923734284893610e+06 1.092770378843541071e+07
