3.563857517385294661e+06 4.804076387566577760e+05 2.116138616819143645e+05 -2.394994549733168387e+05 -2.291567734747475770e+05 2.595840170644180325e+05 6.472798326143091545e+05 1.496434083788801683e+06 -1.004450857272982394e+05 5.861589540717013879e+05 -7.189712114401406143e+05 1.719102398675561926e+04 -1.022390127557768283e+05 -8.439497596862396458e+05 -1.818136395562453661e+06 2.771170602780153786e+04 1.312751234587602317e+06 -5.138193665934447199e+05
4.804076387566577760e+05 4.847697217159954831e+06 2.017008556481149571e+05 2.343774598955479451e+04 4.766289029106042290e+04 -6.631572017093847971e+05 1.196156991634967737e+06 5.921355854567646747e+05 -3.388157793606370687e+05 8.903361374831950525e+05 2.834426391541900230e+05 -9.370438019040027866e+05 2.069231247659282235e+05 -9.825864253406103235e+05 1.063713602699863026e+06 -2.298922551491012564e+05 1.324396713776757533e+05 -1.345583049973174348e+05
2.116138616819143936e+05 2.017008556481149280e+05 3.180969290736911353e+06 1.127527775087653892e+06 6.591976178720366443e+04 1.977939309109483438e+05 -1.626893881276902976e+05 6.423005322358816629e+05 4.383364234426780604e+04 -4.449968095179417287e+05 -3.449863860732181347e+05 -5.233411581218143110e+05 8.158380989622329362e+05 -9.234503811213917797e+05 -1.770051666196148435e+05 -1.088456216916965786e+06 -2.057913914964375785e+06 1.573881745865332428e+06
-2.394994549733164895e+05 2.343774598955472538e+04 1.127527775087653892e+06 5.851245928877755068e+06 1.047671444209388574e+06 1.909289178880334832e+06 4.208476928126818966e+05 1.071430312975262757e+06 1.490417041561494349e+06 2.188800349528506631e+05 2.209958228797664633e+05 -7.889502009323310340e+05 -1.343474302239296492e+06 -2.184095657103559002e+06 -3.605335835980707780e+05 1.325144750767938676e+05 -6.854364073531831382e+05 2.509615063279482638e+04
-2.291567734747478098e+05 4.766289029106037924e+04 6.591976178720367898e+04 1.047671444209388574e+06 3.821859276239923667e+06 5.253968231681798352e+05 1.129519448751064250e+06 4.644492901933735702e+05 4.589744508283607429e+05 -1.048436536100748228e+06 -1.674585228018815396e+05 6.061303639609637903e+05 6.166707995504834253e+04 -1.100230649439943809e+05 -1.890366938870652230e+05 -9.329927654956177576e+05 -1.451188039173898520e+06 -3.537330667220260948e+06
2.595840170644183527e+05 -6.631572017093843315e+05 1.977939309109485184e+05 1.909289178880334599e+06 5.253968231681799516e+05 6.667442064955772832e+06 6.604278346146143740e+05 8.794304301187790697e+05 5.605072275847944184e+03 3.926120756384189008e+05 -5.993307168368991697e+05 -9.328492261595287127e+05 -1.473957084190050606e+06 -1.259042942682274152e+06 -1.327943190192481969e+06 -1.761276784851571312e+06 -2.396513414725142997e+06 -1.982852506234647240e+06
6.472798326143091545e+05 1.196156991634967737e+06 -1.626893881276902684e+05 4.208476928126816638e+05 1.129519448751064017e+06 6.604278346146140248e+05 6.407453833451478742e+06 1.276647422599571990e+06 -3.833718043285968597e+05 -3.056338149964802506e+04 4.948041252750756685e+05 5.094951787111848244e+05 -2.567452440746090841e+06 -1.033520917484199395e+06 -1.441434626892349683e+06 -1.192424146118477685e+06 6.996609614489296218e+05 -3.129060042588036042e+06
1.496434083788802149e+06 5.921355854567645583e+05 6.423005322358817793e+05 1.071430312975262757e+06 4.644492901933735702e+05 8.794304301187788369e+05 1.276647422599571990e+06 8.512668148192858323e+06 4.697857385981043335e+05 -1.137433718630706862e+05 -9.187128312517199665e+05 3.409796227366151288e+04 1.031633843235468492e+06 -6.072804825978588779e+05 -3.731239987853526836e+05 -9.278164276600196026e+05 1.321484150175305083e+06 2.990099408366540447e+05
-1.004450857272982830e+05 -3.388157793606370105e+05 4.383364234426785697e+04 1.490417041561494349e+06 4.589744508283607429e+05 5.605072275847823221e+03 -3.833718043285969761e+05 4.697857385981043335e+05 4.867017914917037822e+06 -3.428365729771201732e+05 -6.069387900586156175e+05 -8.533449491689086426e+04 -1.354269399570684414e+06 -1.332899540663103340e+06 7.677037530324620893e+05 -2.170300447789833124e+05 -1.703793190581656818e+05 -5.109432427590947482e+05
5.861589540717016207e+05 8.903361374831951689e+05 -4.449968095179416705e+05 2.188800349528506340e+05 -1.048436536100748461e+06 3.926120756384190172e+05 -3.056338149964806144e+04 -1.137433718630707008e+05 -3.428365729771203478e+05 1.006672018066526204e+07 -5.381038363860838581e+05 -7.092659062789113959e+05 -7.081362178221279755e+05 -8.110031880322997458e+05 1.505442085908082547e+06 -7.299372316199924098e+05 -1.657661560022095218e+06 -1.977553732182733249e+06
-7.189712114401404979e+05 2.834426391541901394e+05 -3.449863860732181347e+05 2.209958228797667252e+05 -1.674585228018814232e+05 -5.993307168368991697e+05 4.948041252750759013e+05 -9.187128312517199665e+05 -6.069387900586157339e+05 -5.381038363860837417e+05 8.453737459890248254e+06 1.230580785765324981e+05 -2.074521726923745009e+05 3.703434191079968004e+05 -7.856685065391426906e+04 7.561850334233592730e+05 2.167400730574840214e+06 2.795355655106498394e+06
1.719102398675559016e+04 -9.370438019040029030e+05 -5.233411581218143110e+05 -7.889502009323310340e+05 6.061303639609640231e+05 -9.328492261595287127e+05 5.094951787111852318e+05 3.409796227366147650e+04 -8.533449491689084971e+04 -7.092659062789112795e+05 1.230580785765324690e+05 8.513423466511463746e+06 -7.173698006368405186e+05 -6.211983127306009410e+05 2.092873223084769677e+06 -5.822787606435128255e+05 2.423223238519534003e+06 3.503752772033251356e+06
-1.022390127557767555e+05 2.069231247659283690e+05 8.158380989622320049e+05 -1.343474302239296492e+06 6.166707995504829887e+04 -1.473957084190050606e+06 -2.567452440746090841e+06 1.031633843235468375e+06 -1.354269399570684880e+06 -7.081362178221284412e+05 -2.074521726923743554e+05 -7.173698006368400529e+05 1.685148603759377822e+07 6.932812263896877412e+05 1.529050370893974032e+05 1.781643638813374098e+06 1.275369858386374777e+06 6.257790753428664058e+06
-8.439497596862397622e+05 -9.825864253406103235e+05 -9.234503811213918962e+05 -2.184095657103559002e+06 -1.100230649439943227e+05 -1.259042942682274152e+06 -1.033520917484199512e+06 -6.072804825978587614e+05 -1.332899540663103107e+06 -8.110031880322998622e+05 3.703434191079968004e+05 -6.211983127306007082e+05 6.932812263896877412e+05 1.253595689801969752e+07 -3.784090361949840444e+05 -2.759165716967766639e+06 2.943925514789265580e+06 3.233819937637274154e+06
-1.818136395562453195e+06 1.063713602699861629e+06 -1.770051666196146689e+05 -3.605335835980708362e+05 -1.890366938870651647e+05 -1.327943190192481969e+06 -1.441434626892349683e+06 -3.731239987853528000e+05 7.677037530324622057e+05 1.505442085908082779e+06 -7.856685065391450189e+04 2.092873223084769445e+06 1.529050370893972868e+05 -3.784090361949842190e+05 1.314080858027034812e+07 -1.697964073868878651e+06 1.194964509740380105e+06 5.051067308076248504e+06
2.771170602780155241e+04 -2.298922551491011982e+05 -1.088456216916965786e+06 1.325144750767938385e+05 -9.329927654956178740e+05 -1.761276784851571312e+06 -1.192424146118477918e+06 -9.278164276600197190e+05 -2.170300447789833415e+05 -7.299372316199922934e+05 7.561850334233592730e+05 -5.822787606435124762e+05 1.781643638813374098e+06 -2.759165716967765708e+06 -1.697964073868878884e+06 2.953319144870274141e+07 -5.054481947702984326e+06 -1.335315460403857287e+06
1.312751234587602783e+06 1.324396713776758406e+05 -2.057913914964376017e+06 -6.854364073531831382e+05 -1.451188039173898287e+06 -2.396513414725143462e+06 6.996609614489297383e+05 1.321484150175304851e+06 -1.703793190581656236e+05 -1.657661560022095218e+06 2.167400730574840214e+06 2.423223238519534003e+06 1.275369858386375010e+06 2.943925514789266046e+06 1.194964509740379872e+06 -5.054481947702985257e+06 3.513809136923150718e+07 -1.154610513647282060e+05
-5.138193665934446617e+05 -1.345583049973172892e+05 1.573881745865332894e+06 2.509615063279452079e+04 -3.537330667220261414e+06 -1.982852506234647240e+06 -3.129060042588036042e+06 2.990099408366540447e+05 -5.109432427590945153e+05 -1.977553732182732783e+06 2.795355655106498394e+06 3.503752772033251356e+06 6.257790753428662196e+06 3.233819937637274154e+06 5.051067308076248504e+06 -1.335315460403857520e+06 -1.154610513647281186e+05 6.705308049242952466e+07
