2.136189931794533972e+06 3.443365522057914059e+05 4.189816366233392619e+05 -1.218052285876283277e+05 -9.836511685770587064e+04 -3.880317437146769371e+05 -3.239024010443899315e+05 -2.557942957554579712e+06 -1.592387667255526641e+06 1.473233855541021097e+06 -1.291710309158251854e+06 1.071817966939435573e+05 8.705389048432655400e+05
3.443365522057914059e+05 3.907561967413984239e+06 1.777253140951067326e+05 4.773574804610582069e+05 1.863273394913572120e+05 7.446075790798166418e+04 1.839443500812739658e+05 -1.102773561767462641e+06 -7.415566893602950731e+05 1.346760686478789663e+06 8.875060508180970792e+05 -4.191981680118700955e+06 1.165331103974035010e+06
4.189816366233392619e+05 1.777253140951066744e+05 2.889832541604201309e+06 2.486400068511397694e+05 -4.840204102043090825e+04 -6.606194787966291187e+05 5.320866232028207742e+05 3.920497702638217015e+05 -8.739520480209804373e+05 1.484080316071058158e+06 3.249183833304233849e+06 -1.734643724325962830e+06 -1.419805238309832057e+05
-1.218052285876283422e+05 4.773574804610582651e+05 2.486400068511398276e+05 3.069992314108414575e+06 4.662015444314292981e+05 4.033605132683397969e+05 9.820095248197623296e+05 1.897107778977649286e+06 -1.647258172197827371e+06 2.153177886161203962e+06 1.135722355040835449e+06 -4.934836285860502161e+06 -1.067068481254901038e+06
-9.836511685770600161e+04 1.863273394913571829e+05 -4.840204102043094463e+04 4.662015444314292981e+05 7.549830466562812217e+06 2.177944191049847286e+06 1.858292808058681840e+05 -3.032217088312151842e+06 8.264176884381682612e+05 9.954720391744256485e+05 3.384948750308322255e+06 -6.127136705011331476e+06 2.732664146534854546e+06
-3.880317437146770535e+05 7.446075790798170783e+04 -6.606194787966293516e+05 4.033605132683398551e+05 2.177944191049846821e+06 8.808577834069177508e+06 4.152761280230436823e+05 -8.850347220505143050e+05 2.369917191840795334e+06 8.824649093503961922e+03 -2.756069975117637776e+06 -7.246989706232140772e+06 1.933704506216223584e+06
-3.239024010443898733e+05 1.839443500812739658e+05 5.320866232028207742e+05 9.820095248197625624e+05 1.858292808058679511e+05 4.152761280230436823e+05 6.562154929098382592e+06 -2.566838696688945871e+06 6.344656100054004928e+05 -4.472288466296071419e+05 -7.483960356759534916e+05 -8.096466490972406231e+06 1.929577467169976328e+06
-2.557942957554580178e+06 -1.102773561767461710e+06 3.920497702638217015e+05 1.897107778977649286e+06 -3.032217088312152307e+06 -8.850347220505143050e+05 -2.566838696688946337e+06 7.221573525888141990e+07 -1.080264320894497680e+06 5.352222289902765770e+05 -9.271743882022188976e+06 1.099784114784021862e+07 -5.302077398066690192e+06
-1.592387667255526409e+06 -7.415566893602950731e+05 -8.739520480209803209e+05 -1.647258172197827138e+06 8.264176884381687269e+05 2.369917191840795800e+06 6.344656100054004928e+05 -1.080264320894497912e+06 1.828869218312468752e+07 -8.998922712607344612e+06 -5.362945130660036812e+05 6.653821427443778142e+06 1.007118686877416074e+07
1.473233855541020865e+06 1.346760686478788964e+06 1.484080316071058158e+06 2.153177886161204427e+06 9.954720391744256485e+05 8.824649093503952827e+03 -4.472288466296071419e+05 5.352222289902764605e+05 -8.998922712607342750e+06 3.660823904838465899e+07 6.611369372155080549e+06 -1.245908218285543658e+07 -1.098855775439055450e+07
-1.291710309158251621e+06 8.875060508180977777e+05 3.249183833304232918e+06 1.135722355040835217e+06 3.384948750308322720e+06 -2.756069975117638241e+06 -7.483960356759533752e+05 -9.271743882022190839e+06 -5.362945130660037976e+05 6.611369372155082412e+06 6.281419510108080506e+07 -8.170699896449629217e+06 3.945913725306853652e+06
1.071817966939436737e+05 -4.191981680118700955e+06 -1.734643724325962132e+06 -4.934836285860503092e+06 -6.127136705011332408e+06 -7.246989706232140772e+06 -8.096466490972405300e+06 1.099784114784021862e+07 6.653821427443779074e+06 -1.245908218285543844e+07 -8.170699896449629217e+06 2.166629097357096076e+08 1.646759129888080992e+07
8.705389048432654236e+05 1.165331103974034777e+06 -1.419805238309830893e+05 -1.067068481254901271e+06 2.732664146534855478e+06 1.933704506216223119e+06 1.929577467169976560e+06 -5.302077398066689260e+06 1.007118686877416074e+07 -1.098855775439055450e+07 3.945913725306853652e+06 1.646759129888080806e+07 1.937932784555497169e+08
