2.325623950869739521e+06 4.885041132898579817e+05 1.399087574446838407e+05 7.569316758971343515e+05 6.271470223022836726e+05 2.620287105125437956e+05 7.262542408949020319e+05 6.830976523369346978e+05 4.128505871722529409e+05 8.323504502575186780e+05 -2.240764570126235485e+05 -1.007278900540457398e+05 -4.757636989176354837e+05 -8.258909723639785079e+05 -2.984664475281052291e+06 -1.200495551217319735e+05 1.772228146272445447e+05 -1.478119097440609767e+05 8.024461705830643186e+05 -8.256572915463097161e+05
4.885041132898580399e+05 2.103274034335821401e+06 6.478375058908956998e+04 1.877551591582779656e+05 3.148215598751018406e+05 2.596880469017556752e+05 3.201940567630066071e+05 -8.703319774006967782e+04 1.761459429444699199e+05 3.211851296662132954e+05 -5.547394326534530846e+05 -2.231242686542301672e+05 -7.578217364613065729e+05 -2.267081225119889423e+05 -1.260923863659598399e+06 -5.374086975239079911e+05 -6.474049298750492017e+04 -8.731193975851369323e+05 4.870192687402029696e+04 1.577684084125572699e+05
1.399087574446838407e+05 6.478375058908959181e+04 1.802689166818192462e+06 2.737737217379859067e+05 -1.500064835865247733e+04 3.824197354259816930e+05 2.789546656129817711e+05 3.978343072499985574e+05 -1.368242469617548923e+05 9.644562689235151047e+05 -2.589889788121496968e+05 -7.193403524374963308e+04 -1.381438931618458824e+06 6.850808945728263643e+04 -1.076484147160954308e+06 -6.037129557277812855e+05 1.869300523403186526e+05 -8.418370723463010509e+05 -1.137818119852729840e+06 -1.242012327725539799e+05
7.569316758971343515e+05 1.877551591582779365e+05 2.737737217379859649e+05 2.375423910881902091e+06 8.626414132340099895e+05 6.055758681032401510e+05 1.007104036242560833e+06 1.127992416214885889e+06 1.051437942575248191e+06 6.657730452357894974e+05 4.389237504519310896e+05 1.825317676016287078e+04 -3.140029459368030075e+05 -5.743468036409602500e+05 -6.833092716994251823e+05 -1.722018095193248242e+06 -2.146109192609675229e+05 5.775378838898877148e+05 -4.886330403317774180e+05 -4.852728492461097194e+05
6.271470223022837890e+05 3.148215598751018406e+05 -1.500064835865236091e+04 8.626414132340099895e+05 2.474359162414950319e+06 6.508145507377249887e+05 5.245199769376864424e+05 7.859792508103379514e+05 3.253726347630275413e+05 -1.673313369137177360e+05 -3.889089331896661315e+04 3.595747129812897183e+05 2.614117836564928002e+05 -4.653557178114094422e+05 -2.137765791577254422e+06 -1.597666560089594685e+06 1.516717673551456537e+05 -1.321616378497835249e+06 -8.664786119259615662e+05 -6.038756802768248599e+05
2.620287105125438247e+05 2.596880469017557043e+05 3.824197354259818094e+05 6.055758681032401510e+05 6.508145507377251051e+05 2.140600715943869669e+06 9.986328699937558267e+05 2.091638029574711400e+05 1.596286962621345010e+05 -6.372052956506573537e+04 -3.252010516079436056e+05 3.921873152520571020e+05 -3.114081907857952174e+05 -1.481621481705863494e+06 -2.795007400855351705e+06 -6.681078362833271967e+05 -3.513819079233760131e+05 -1.328158845530906692e+06 -1.230230305023620138e+06 -1.036945047829013434e+06
7.262542408949020319e+05 3.201940567630066071e+05 2.789546656129817711e+05 1.007104036242561066e+06 5.245199769376864424e+05 9.986328699937557103e+05 3.831418294392425101e+06 1.474837685257927980e+06 3.769756888310217764e+05 1.200462621028060676e+05 -1.956877928718078474e+05 -4.622808828775696456e+05 2.461910538051031472e+05 5.281786322265696945e+05 -4.252612569821448065e+06 1.130801356142230652e+05 -1.925030655255559832e+05 -1.781197050686641131e+06 1.302535568586858455e+06 -1.214385925803976832e+06
6.830976523369346978e+05 -8.703319774006973603e+04 3.978343072499984992e+05 1.127992416214885656e+06 7.859792508103379514e+05 2.091638029574711400e+05 1.474837685257928213e+06 6.351255771509102546e+06 1.577801949857050087e+06 1.699507485981540813e+05 -2.907287853254600777e+05 -1.350247583005821100e+06 -1.052456245203519939e+06 -1.183048885104081593e+06 -1.306467210901557002e+06 -2.422251158761305269e+06 -1.533002970823609503e+05 -5.792587719979495741e+05 1.645169816496923100e+06 -1.277079393956382992e+06
4.128505871722529409e+05 1.761459429444698908e+05 -1.368242469617549505e+05 1.051437942575248191e+06 3.253726347630275995e+05 1.596286962621345010e+05 3.769756888310219510e+05 1.577801949857050320e+06 4.224481242005530745e+06 6.468382205040323315e+05 3.847330735493636457e+05 2.658293720559622161e+05 1.557694999762379848e+04 -8.262703940472312970e+05 -1.084326835978824180e+06 -9.704251415569228993e+04 -5.681806827204491128e+04 8.177388135013538413e+05 1.198412093183836201e+06 -1.552486519974761410e+06
8.323504502575183287e+05 3.211851296662133536e+05 9.644562689235153375e+05 6.657730452357894974e+05 -1.673313369137183181e+05 -6.372052956506567716e+04 1.200462621028060676e+05 1.699507485981538484e+05 6.468382205040324479e+05 1.436708803790397570e+07 1.480417384302388644e+06 1.506915056200370600e+05 -2.498943040074518649e+05 -2.365036817534644622e+06 4.110114086461424362e+06 2.016110216004365648e+05 -3.702163984317012946e+05 8.213653381862594979e+05 -1.459915041503589367e+06 -1.269874149324327707e+06
-2.240764570126236067e+05 -5.547394326534534339e+05 -2.589889788121495803e+05 4.389237504519309150e+05 -3.889089331896663498e+04 -3.252010516079436638e+05 -1.956877928718078765e+05 -2.907287853254600195e+05 3.847330735493635293e+05 1.480417384302388411e+06 8.368416937392847613e+06 -1.212297381752826506e+06 8.599264959940171684e+04 7.654663057683849474e+05 2.023416321887701284e+06 -1.948702307860213099e+06 9.140345920681348071e+05 -1.825498512577892281e+06 4.097402669976628385e+05 -8.502615541284771170e+05
-1.007278900540456525e+05 -2.231242686542301963e+05 -7.193403524374961853e+04 1.825317676016310361e+04 3.595747129812893691e+05 3.921873152520573349e+05 -4.622808828775696456e+05 -1.350247583005821332e+06 2.658293720559622161e+05 1.506915056200370600e+05 -1.212297381752826506e+06 1.208008451423080452e+07 -4.029736303175683715e+05 -2.453942987962682731e+06 1.850455774627570063e+06 1.049903047435794724e+06 -1.199754241994081996e+06 -1.194282443842114881e+06 -3.126930754381520674e+06 -4.781915247606951743e+05
-4.757636989176354837e+05 -7.578217364613064565e+05 -1.381438931618458591e+06 -3.140029459368030075e+05 2.614117836564930330e+05 -3.114081907857952174e+05 2.461910538051030308e+05 -1.052456245203519706e+06 1.557694999762374027e+04 -2.498943040074518358e+05 8.599264959940171684e+04 -4.029736303175687208e+05 9.714398826832439750e+06 2.004346060018485179e+06 3.117573780033166986e+06 7.489084708607950015e+05 -7.569413238058673451e+05 1.918979754762523226e+05 7.003310741819395917e+05 1.697285723790595075e+06
-8.258909723639785079e+05 -2.267081225119889423e+05 6.850808945728269464e+04 -5.743468036409601336e+05 -4.653557178114094422e+05 -1.481621481705863727e+06 5.281786322265699273e+05 -1.183048885104081593e+06 -8.262703940472312970e+05 -2.365036817534644622e+06 7.654663057683849474e+05 -2.453942987962681800e+06 2.004346060018484714e+06 1.575536158952985331e+07 3.541072555973573588e+06 1.536349055933140917e+06 1.702903789889684413e+06 1.871260527834197273e+06 -3.674349147754461592e+04 -2.204565744395083748e+05
-2.984664475281052757e+06 -1.260923863659598632e+06 -1.076484147160954308e+06 -6.833092716994255316e+05 -2.137765791577254422e+06 -2.795007400855352171e+06 -4.252612569821448065e+06 -1.306467210901557235e+06 -1.084326835978824180e+06 4.110114086461422499e+06 2.023416321887702681e+06 1.850455774627570063e+06 3.117573780033166986e+06 3.541072555973573588e+06 6.629925740082306415e+07 6.390458099809560226e+05 1.099405843730207533e+06 7.260694707058478147e+06 -6.396310357371969149e+05 5.945385613858255558e+06
-1.200495551217318571e+05 -5.374086975239079911e+05 -6.037129557277811691e+05 -1.722018095193248242e+06 -1.597666560089594685e+06 -6.681078362833271967e+05 1.130801356142227160e+05 -2.422251158761304803e+06 -9.704251415569228993e+04 2.016110216004366812e+05 -1.948702307860212633e+06 1.049903047435794957e+06 7.489084708607950015e+05 1.536349055933140917e+06 6.390458099809564883e+05 9.474869852843491361e+06 7.350141666004746221e+05 -1.161275564851959702e+06 5.627151240978387650e+05 2.640582826915232930e+06
1.772228146272446029e+05 -6.474049298750492017e+04 1.869300523403186817e+05 -2.146109192609674938e+05 1.516717673551455373e+05 -3.513819079233760131e+05 -1.925030655255560123e+05 -1.533002970823609503e+05 -5.681806827204489673e+04 -3.702163984317012946e+05 9.140345920681346906e+05 -1.199754241994081996e+06 -7.569413238058676943e+05 1.702903789889684645e+06 1.099405843730207765e+06 7.350141666004743893e+05 5.129061844961814582e+06 -1.700372487672101473e+06 -6.379867971139457077e+05 -4.112480040359807754e+04
-1.478119097440610640e+05 -8.731193975851366995e+05 -8.418370723463012837e+05 5.775378838898877148e+05 -1.321616378497835249e+06 -1.328158845530906459e+06 -1.781197050686641131e+06 -5.792587719979496906e+05 8.177388135013538413e+05 8.213653381862594979e+05 -1.825498512577892514e+06 -1.194282443842115346e+06 1.918979754762523517e+05 1.871260527834197273e+06 7.260694707058476284e+06 -1.161275564851959702e+06 -1.700372487672101241e+06 3.265449569983980060e+07 1.572973728923935676e+06 -3.904673839059467427e+06
8.024461705830644350e+05 4.870192687402032607e+04 -1.137818119852730073e+06 -4.886330403317774180e+05 -8.664786119259619154e+05 -1.230230305023619905e+06 1.302535568586857757e+06 1.645169816496923100e+06 1.198412093183836900e+06 -1.459915041503589600e+06 4.097402669976627221e+05 -3.126930754381519277e+06 7.003310741819394752e+05 -3.674349147754459409e+04 -6.396310357371966820e+05 5.627151240978387650e+05 -6.379867971139457077e+05 1.572973728923935676e+06 2.386828587492208183e+07 4.486819363104549702e+05
-8.256572915463097161e+05 1.577684084125570371e+05 -1.242012327725540381e+05 -4.852728492461098358e+05 -6.038756802768250927e+05 -1.036945047829013434e+06 -1.214385925803977065e+06 -1.277079393956383225e+06 -1.552486519974761643e+06 -1.269874149324327707e+06 -8.502615541284768842e+05 -4.781915247606949415e+05 1.697285723790595308e+06 -2.204565744395081419e+05 5.945385613858256489e+06 2.640582826915232930e+06 -4.112480040359820123e+04 -3.904673839059467427e+06 4.486819363104549702e+05 2.152468069069620967e+07
