1.037676485747709288e+06 3.108835592452831042e+04 9.338127780824041110e+04 4.337858071030986612e+05 7.321990097308391705e+04 -1.660652577514890072e+04 3.016992570980776800e+05 3.947907951376999263e+05 1.090008127402589598e+05 4.540770992449938785e+04 4.285825830424376763e+05 2.449171917054700680e+04 -2.629246340956656495e+05 -1.797792998437293863e+05 -3.156325648263331386e+05 -2.699411267833621823e+05 -2.632137807974577881e+05 -1.572345923304265016e+05 3.880999676883487700e+04 1.323580848113447137e+05 -3.589061212669590168e+04 -4.788985930576156534e+04 1.132771443042603933e+05
3.108835592452831406e+04 1.151527870065229712e+06 3.648352968266349053e+05 2.738277295700942050e+05 -5.267191897091584542e+04 2.974655651200902867e+03 2.551365125177500522e+04 3.832760258731593785e+04 -4.664332696605085948e+04 -3.587860244484058931e+05 -3.438360971112229163e+04 2.944427609151226352e+05 5.365269556669079611e+04 -2.479066341395442432e+05 -1.989425196918884467e+05 -3.617008959011026891e+05 -2.218718281490885711e+05 -3.447722532791607082e+05 3.948324971794642624e+04 -4.961225634964303754e+04 -4.885499464843731403e+04 -1.763054870761036873e+05 -1.122293063398458762e+05
9.338127780824042566e+04 3.648352968266347889e+05 1.186225676914711483e+06 3.206906502834886778e+05 1.798853198298984789e+05 1.058591293915651913e+05 1.185991307333159348e+05 3.912286047292906442e+05 4.373586938147307228e+04 -2.553429321851229470e+05 1.800246590741445107e+04 -9.369361036352493102e+04 -1.320902374641362985e+05 -3.346265660824479419e+05 -2.371783109739764186e+05 -2.916403402156676166e+05 -2.188249358738973970e+05 -2.282859440398164443e+05 -5.793778050136525417e+04 -2.635149706587068504e+05 2.287830997901148512e+05 -2.550587540994430310e+05 9.267687791861299775e+04
4.337858071030987776e+05 2.738277295700942050e+05 3.206906502834886778e+05 1.569912131615467835e+06 2.238157828427359709e+04 5.398370612598126900e+04 2.669963490985009121e+05 4.593569321843752405e+05 3.062087586950277910e+05 3.904464627115899348e+05 4.438734466528805206e+05 -2.374237015033354401e+05 -2.571063853229299129e+05 -4.310430748537072213e+05 -7.251611568359941011e+05 -6.462529326080743922e+05 -5.238239613963861484e+05 -2.679041526837558486e+05 -2.536495481487158686e+05 1.304855214289758733e+05 -9.853516392943367828e+04 6.628646860775993264e+04 -1.437065002549187921e+05
7.321990097308391705e+04 -5.267191897091599822e+04 1.798853198298984789e+05 2.238157828427356799e+04 1.371647825099207461e+06 2.314878203872508311e+05 1.523930389391900098e+05 3.735543493128206464e+05 2.454677207275512337e+05 -2.256262942017726164e+04 -1.418026989362741733e+04 2.022926987076239020e+05 -3.027200918958239490e+05 -1.564353183882422127e+04 -2.625091113926467369e+05 -2.982505227793402155e+05 -3.082865827280697413e+05 -1.001525489585132891e+05 2.662855793529055882e+04 -1.316454753760900639e+05 1.161322596840785991e+05 -1.092958509013719886e+05 1.865668984397190798e+05
-1.660652577514887162e+04 2.974655651200841021e+03 1.058591293915651913e+05 5.398370612598126900e+04 2.314878203872509475e+05 1.193674886678294744e+06 8.899069570892980846e+04 1.405317154567662510e+05 1.631354447362215724e+05 -1.278245438990537805e+05 -2.280055235837927612e+05 -1.783012427113719750e+05 -2.227205080968962284e+05 -3.022157535394051811e+05 -4.038674620814681402e+05 -4.043881700667621772e+04 -2.814347818463774747e+05 -2.472063449671849667e+05 1.875652245338447101e+05 -3.732499348079771880e+04 5.135454012899833469e+04 1.511198341438708885e+05 6.564455826603309106e+03
3.016992570980777382e+05 2.551365125177492155e+04 1.185991307333159639e+05 2.669963490985009121e+05 1.523930389391900389e+05 8.899069570892982301e+04 1.153618278187370859e+06 2.517924361006462132e+05 2.073306953925663838e+05 4.238910129813692183e+05 -4.233986785386758129e+04 5.500622574687937595e+04 -3.640651846597576514e+05 -5.288958805973596172e+05 -3.165072097264310578e+05 -4.714227293428447447e+05 -3.684372224373183562e+05 -2.030944342036270245e+05 -1.279610207149124908e+05 -5.866611222980496677e+04 -5.554924329756791849e+04 7.426257716839128989e+04 -1.542563200909836742e+05
3.947907951376999845e+05 3.832760258731590147e+04 3.912286047292906442e+05 4.593569321843752987e+05 3.735543493128206464e+05 1.405317154567662510e+05 2.517924361006462132e+05 1.801788147121323040e+06 3.518071988391201012e+05 3.632426784897056059e+05 8.125378228739983751e+04 -2.880155813412977150e+05 -1.893291309710374335e+05 -2.070770361751907039e+05 -7.213364349450136069e+04 -1.215446662533696217e+05 -5.265307767085524974e+05 -4.955959999843129772e+05 2.061144933438374137e+05 1.575306912940151524e+05 7.001361331711748790e+04 2.583742244851771102e+04 1.039578126521599625e+05
1.090008127402589453e+05 -4.664332696605091769e+04 4.373586938147303590e+04 3.062087586950277910e+05 2.454677207275512046e+05 1.631354447362215433e+05 2.073306953925663547e+05 3.518071988391201012e+05 2.136415609919849783e+06 2.362594696965287148e+05 2.872204636665436556e+05 1.788995653059035249e+05 -7.865641673129786795e+04 -2.951818307217516704e+05 -4.707230519006778486e+05 -1.552614713085500698e+05 -6.623877348034265451e+05 -3.182664969393879292e+05 1.170136376943995419e+05 9.083470467633308726e+04 -7.151613418607221683e+04 1.060029717082247953e+05 1.156894244406782236e+05
4.540770992449936602e+04 -3.587860244484057766e+05 -2.553429321851227724e+05 3.904464627115899930e+05 -2.256262942017734167e+04 -1.278245438990537659e+05 4.238910129813693929e+05 3.632426784897054895e+05 2.362594696965287148e+05 3.229573256894297432e+06 2.021250062068889092e+05 -4.350493917642477900e+05 -8.108416729328111978e+05 -2.263075007026966196e+05 -5.755516432673132513e+05 1.328796945262637164e+05 -5.113049442496483680e+05 -3.424125731502366834e+05 -2.626201916463194648e+05 -2.513721325480194646e+05 -3.228078573542514350e+05 3.167070230755675002e+05 -9.566353239323254093e+04
4.285825830424376181e+05 -3.438360971112234984e+04 1.800246590741442924e+04 4.438734466528806370e+05 -1.418026989362743188e+04 -2.280055235837927030e+05 -4.233986785386755946e+04 8.125378228739983751e+04 2.872204636665437138e+05 2.021250062068889965e+05 2.431239675625329372e+06 -2.784960757805096218e+05 2.087336015274861711e+05 -3.608406185786470305e+05 -2.698406846323793870e+05 -4.006056172054313356e+05 -4.731914543193850113e+04 -3.431047039945679135e+05 -2.047478891100179462e+05 1.699246778475978062e+05 -1.268083750238521170e+05 -3.583424415987789398e+05 4.166884665390921873e+05
2.449171917054699588e+04 2.944427609151225188e+05 -9.369361036352487281e+04 -2.374237015033354110e+05 2.022926987076239311e+05 -1.783012427113720041e+05 5.500622574687937595e+04 -2.880155813412975403e+05 1.788995653059035540e+05 -4.350493917642478482e+05 -2.784960757805096218e+05 3.319940155574800447e+06 2.486187281971796474e+05 4.160397321517300443e+05 4.886675452985335141e+05 -2.071652602172205516e+05 1.677123430604160530e+05 2.586988436829000129e+05 -2.553293165012720565e+05 -2.711530534001709893e+05 -2.442317956464611052e+04 -1.714867299047933557e+04 -1.203011834211193345e+05
-2.629246340956657659e+05 5.365269556669083249e+04 -1.320902374641362985e+05 -2.571063853229299129e+05 -3.027200918958240654e+05 -2.227205080968962284e+05 -3.640651846597577096e+05 -1.893291309710374044e+05 -7.865641673129788251e+04 -8.108416729328109650e+05 2.087336015274862002e+05 2.486187281971797056e+05 2.094391937396307476e+06 5.467824122801247286e+05 6.233086529577871552e+05 1.249272308582475671e+05 6.999616234583599726e+04 1.783031001952789957e+05 1.232311562986586614e+04 2.613389016874015215e+05 -4.903928290948443464e+04 -2.134494681463621964e+05 5.866420516020319155e+03
-1.797792998437293863e+05 -2.479066341395442141e+05 -3.346265660824479419e+05 -4.310430748537071631e+05 -1.564353183882417579e+04 -3.022157535394051811e+05 -5.288958805973597337e+05 -2.070770361751906748e+05 -2.951818307217516704e+05 -2.263075007026965905e+05 -3.608406185786469723e+05 4.160397321517299861e+05 5.467824122801247286e+05 2.599437709484747611e+06 6.756449130379098933e+05 3.750056993546775775e+05 2.389120114721083373e+05 2.085533755558707344e+05 9.382614278399366594e+04 -3.516374144565649476e+04 3.549072488175711624e+04 1.776924773365829897e+05 1.501887004443574115e+05
-3.156325648263330804e+05 -1.989425196918883885e+05 -2.371783109739763895e+05 -7.251611568359939847e+05 -2.625091113926467369e+05 -4.038674620814681402e+05 -3.165072097264309996e+05 -7.213364349450140435e+04 -4.707230519006778486e+05 -5.755516432673133677e+05 -2.698406846323793870e+05 4.886675452985336306e+05 6.233086529577870388e+05 6.756449130379098933e+05 2.270756960078801028e+06 7.665398216389372246e+05 5.663393007639012067e+05 3.247965736780078150e+05 -9.912592097057036881e+04 1.541311221622034464e+04 1.817858380224930006e+05 3.092917973651048378e+05 -9.274830753458142863e+04
-2.699411267833621823e+05 -3.617008959011026309e+05 -2.916403402156676166e+05 -6.462529326080742758e+05 -2.982505227793402155e+05 -4.043881700667618861e+04 -4.714227293428447447e+05 -1.215446662533695635e+05 -1.552614713085501280e+05 1.328796945262636582e+05 -4.006056172054312192e+05 -2.071652602172205807e+05 1.249272308582475671e+05 3.750056993546776357e+05 7.665398216389373410e+05 2.436006310656535439e+06 7.722912722050576704e+05 4.022897627121176920e+05 3.163800034907499212e+05 -2.650032201094843913e+03 8.444074802432321303e+04 3.074986757562847342e+05 3.666105422678870964e+05
-2.632137807974577881e+05 -2.218718281490885420e+05 -2.188249358738973970e+05 -5.238239613963861484e+05 -3.082865827280696831e+05 -2.814347818463774747e+05 -3.684372224373182980e+05 -5.265307767085523810e+05 -6.623877348034267779e+05 -5.113049442496482516e+05 -4.731914543193847203e+04 1.677123430604160530e+05 6.999616234583598271e+04 2.389120114721083664e+05 5.663393007639010902e+05 7.722912722050575539e+05 1.671667329485901864e+06 7.662463092437293380e+05 1.691100474110071664e+05 6.371976181608458865e+04 -9.737653695121253259e+04 -1.392818808056327980e+05 8.970414635458427074e+04
-1.572345923304264725e+05 -3.447722532791607082e+05 -2.282859440398164443e+05 -2.679041526837558486e+05 -1.001525489585133328e+05 -2.472063449671849958e+05 -2.030944342036269954e+05 -4.955959999843128608e+05 -3.182664969393879292e+05 -3.424125731502366834e+05 -3.431047039945678553e+05 2.586988436829000129e+05 1.783031001952789666e+05 2.085533755558707053e+05 3.247965736780078150e+05 4.022897627121176338e+05 7.662463092437293380e+05 2.453924375377171207e+06 1.451728399784338035e+04 -4.446926232578573399e+04 1.549223624369141180e+05 1.439023344307351799e+05 2.981751959260706208e+05
3.880999676883486245e+04 3.948324971794649173e+04 -5.793778050136524689e+04 -2.536495481487158104e+05 2.662855793529053335e+04 1.875652245338447101e+05 -1.279610207149125054e+05 2.061144933438375301e+05 1.170136376943994837e+05 -2.626201916463194066e+05 -2.047478891100179171e+05 -2.553293165012719401e+05 1.232311562986586978e+04 9.382614278399365139e+04 -9.912592097057029605e+04 3.163800034907499212e+05 1.691100474110071373e+05 1.451728399784334943e+04 1.413600728696430800e+06 1.314030402919903572e+05 4.531439282935186930e+04 -1.718124920088363288e+05 1.141739618867023382e+05
1.323580848113447719e+05 -4.961225634964303026e+04 -2.635149706587068504e+05 1.304855214289757860e+05 -1.316454753760900931e+05 -3.732499348079771153e+04 -5.866611222980497405e+04 1.575306912940150942e+05 9.083470467633307271e+04 -2.513721325480194646e+05 1.699246778475977771e+05 -2.711530534001710475e+05 2.613389016874014633e+05 -3.516374144565649476e+04 1.541311221622033190e+04 -2.650032201094851644e+03 6.371976181608459592e+04 -4.446926232578576310e+04 1.314030402919903572e+05 1.329400344970995560e+06 -1.585603209773474664e+05 1.061146250468363178e+04 -9.327287934883836715e+04
-3.589061212669590896e+04 -4.885499464843730675e+04 2.287830997901148512e+05 -9.853516392943370738e+04 1.161322596840785700e+05 5.135454012899832742e+04 -5.554924329756794032e+04 7.001361331711753155e+04 -7.151613418607224594e+04 -3.228078573542514350e+05 -1.268083750238520588e+05 -2.442317956464611780e+04 -4.903928290948442009e+04 3.549072488175714534e+04 1.817858380224930006e+05 8.444074802432324213e+04 -9.737653695121253259e+04 1.549223624369140889e+05 4.531439282935185474e+04 -1.585603209773475246e+05 1.036375324323564884e+06 -7.874663163043763234e+03 4.153933590026231104e+04
-4.788985930576156534e+04 -1.763054870761036873e+05 -2.550587540994430019e+05 6.628646860775993264e+04 -1.092958509013719740e+05 1.511198341438709176e+05 7.426257716839133354e+04 2.583742244851774376e+04 1.060029717082248244e+05 3.167070230755675002e+05 -3.583424415987791144e+05 -1.714867299047933557e+04 -2.134494681463621673e+05 1.776924773365829606e+05 3.092917973651048378e+05 3.074986757562847924e+05 -1.392818808056327980e+05 1.439023344307351799e+05 -1.718124920088363288e+05 1.061146250468363178e+04 -7.874663163043764143e+03 2.003590884452043334e+06 -2.177420149938465620e+05
1.132771443042604224e+05 -1.122293063398458617e+05 9.267687791861298319e+04 -1.437065002549187629e+05 1.865668984397189633e+05 6.564455826603308196e+03 -1.542563200909836451e+05 1.039578126521599334e+05 1.156894244406781800e+05 -9.566353239323254093e+04 4.166884665390921873e+05 -1.203011834211193927e+05 5.866420516020329160e+03 1.501887004443574406e+05 -9.274830753458144318e+04 3.666105422678871546e+05 8.970414635458429984e+04 2.981751959260706208e+05 1.141739618867023382e+05 -9.327287934883835260e+04 4.153933590026231104e+04 -2.177420149938465620e+05 1.549493662647244055e+06
