4.322701855518492870e+06 -7.696679215045645833e+05 1.409145836309614126e+06 5.288565612228915561e+05 -2.741970325833372190e+05 -2.182899183510906587e+05 -6.195030445690643974e+05 -5.258462187148828525e+05 4.109402582150975941e+05 3.674599705642460613e+05 -5.781816996471610764e+04 -2.991504644744762336e+05 2.831344415007870994e+05 2.256886291880941717e+05 6.504600518465888308e+04 -3.820457876854360802e+04 -3.228426452522387845e+05 -1.407912687882580212e+05
-7.696679215045649325e+05 3.014119871424662881e+06 -4.082233331048593391e+05 2.002586231848820171e+05 -2.188903268633281987e+05 -1.441374295672367793e+06 4.322606268748135772e+05 9.201585892862961919e+04 -1.323012250601295615e+06 -9.448380124191427603e+05 -2.113956449655620600e+04 -5.611382487720383797e+05 4.604631709100828157e+05 -7.841103014861238189e+05 -1.075317550974723417e+04 -2.194977716714532580e+05 2.985620564871770912e+05 -2.303557351669234631e+05
1.409145836309615290e+06 -4.082233331048592809e+05 4.057812400871332269e+06 8.011365058889795328e+05 -2.938616290801227442e+05 2.903039846370826126e+05 -6.034273992413746892e+05 -3.519499046534253866e+05 5.119007379881967790e+05 1.161807972820813156e+05 -6.148777824615471764e+04 3.917225377646608395e+05 7.769170397246835637e+04 -2.896309769620395382e+05 3.241165878813630552e+05 -1.319651376905193501e+04 -4.528621161732172186e+04 -1.022319833790035045e+04
5.288565612228914397e+05 2.002586231848820462e+05 8.011365058889799984e+05 7.113036052677101456e+06 -5.824068893646636279e+05 -7.887855846160267247e+05 -1.595392982252839487e+06 8.989673378784974338e+05 -1.652802941771347774e+06 1.037532077583379694e+06 1.822411347328398842e+05 -8.994406840810218127e+05 1.272525589300653664e+05 -8.151412552308741724e+05 -1.072340669917488005e+06 -3.563411184647863847e+05 6.515357407987180632e+05 6.203074715685623232e+05
-2.741970325833371608e+05 -2.188903268633282278e+05 -2.938616290801226860e+05 -5.824068893646636279e+05 3.754824350912120193e+06 -1.574064842017758405e+06 3.977047039227652713e+05 4.850440688916199724e+04 1.018580665847973432e+06 -8.617401685083152261e+05 -5.366396295650901739e+05 6.771271661076854216e+05 -7.169821388471814571e+05 -1.052119058035954367e+05 2.676472665156950243e+05 2.024692942149818118e+05 2.563609875131148729e+05 -4.182481576338988816e+04
-2.182899183510907460e+05 -1.441374295672368025e+06 2.903039846370826126e+05 -7.887855846160263754e+05 -1.574064842017758638e+06 1.218861518050642125e+07 1.492245201218839968e+06 -5.461569920353402849e+05 -5.780158793454758124e+05 3.079117738578224555e+06 4.889639806111228536e+05 5.471123531202201266e+05 8.721826516856950184e+04 -5.123045879030015203e+05 -8.540863678109664470e+05 -2.126244960287533177e+05 3.444197922524071182e+05 -2.571671391945634678e+05
-6.195030445690643974e+05 4.322606268748134025e+05 -6.034273992413745727e+05 -1.595392982252838789e+06 3.977047039227652713e+05 1.492245201218840433e+06 8.556323431201340631e+06 1.024997942246212973e+06 -2.303594479053122923e+05 -5.917252105816643452e+05 -7.212336958007569192e+05 -2.934990020897251088e+05 -1.073480110571933910e+06 6.543213652300190879e+05 -4.944063719353416673e+04 -1.707747670017374447e+06 -5.806066143205674598e+05 -3.672251543962899013e+05
-5.258462187148826197e+05 9.201585892862961919e+04 -3.519499046534251538e+05 8.989673378784975503e+05 4.850440688916199724e+04 -5.461569920353401685e+05 1.024997942246212624e+06 4.888251574768972583e+06 4.976836336159987841e+05 1.186120321448088362e+05 5.491839278205457376e+05 -2.774994776363378624e+05 -8.356971610283103073e+05 -7.054472552513778210e+05 -6.867295979196568951e+05 1.606758965845827770e+05 -5.481438012352763908e+05 3.485134156091699842e+05
4.109402582150974195e+05 -1.323012250601295382e+06 5.119007379881967790e+05 -1.652802941771348240e+06 1.018580665847973316e+06 -5.780158793454762781e+05 -2.303594479053124669e+05 4.976836336159986095e+05 1.049795720191854239e+07 1.602521806184188754e+05 3.932798682579289016e+04 2.329954022032814682e+05 -7.972447196551006055e+05 -1.739437898120859172e+06 -3.641419099575012224e+05 3.370222752679513651e+05 -5.260848574693616247e+05 1.367311397082323965e+05
3.674599705642460031e+05 -9.448380124191427603e+05 1.161807972820812429e+05 1.037532077583379694e+06 -8.617401685083152261e+05 3.079117738578223158e+06 -5.917252105816643452e+05 1.186120321448088653e+05 1.602521806184188463e+05 6.321069830729915760e+06 8.407037529431221774e+05 2.459778812312605733e+05 -7.826263509701072471e+05 -5.565263480623920623e+04 -4.987069444214436226e+05 4.310566464273641468e+05 -3.670399669332022313e+04 -8.019933942748124537e+04
-5.781816996471611492e+04 -2.113956449655620236e+04 -6.148777824615472491e+04 1.822411347328399715e+05 -5.366396295650900574e+05 4.889639806111228536e+05 -7.212336958007568028e+05 5.491839278205453884e+05 3.932798682579288288e+04 8.407037529431224102e+05 4.102359769992890768e+06 6.379966298413901823e+05 2.379421082029014724e+04 -9.779363329449594021e+05 -2.658543655052232207e+05 -1.397162052511609800e+05 -3.569603021867125062e+04 3.208973545845446642e+05
-2.991504644744762918e+05 -5.611382487720388453e+05 3.917225377646610141e+05 -8.994406840810216963e+05 6.771271661076857708e+05 5.471123531202203594e+05 -2.934990020897251088e+05 -2.774994776363378624e+05 2.329954022032814973e+05 2.459778812312605442e+05 6.379966298413900658e+05 3.529825551838259213e+06 -3.002205836625329684e+05 2.453768964710278087e+05 1.047609884086730541e+06 3.418622297920753481e+05 3.069234612797225127e+05 5.726045612609372620e+04
2.831344415007872740e+05 4.604631709100826411e+05 7.769170397246834182e+04 1.272525589300653228e+05 -7.169821388471814571e+05 8.721826516856957460e+04 -1.073480110571933445e+06 -8.356971610283105401e+05 -7.972447196551003726e+05 -7.826263509701072471e+05 2.379421082029013633e+04 -3.002205836625329102e+05 4.405583428182540461e+06 8.604022825186653063e+05 8.001165899948826991e+05 -8.652584160654328298e+04 6.757663870792948874e+05 4.763081352995662601e+05
2.256886291880941426e+05 -7.841103014861234697e+05 -2.896309769620395964e+05 -8.151412552308741724e+05 -1.052119058035954222e+05 -5.123045879030014621e+05 6.543213652300187387e+05 -7.054472552513780538e+05 -1.739437898120858939e+06 -5.565263480623922806e+04 -9.779363329449598677e+05 2.453768964710278087e+05 8.604022825186651899e+05 5.825558298868817277e+06 1.752934179500692058e+06 1.310122768505580316e+05 -1.138497418982169329e+05 3.374355811341855442e+05
6.504600518465887581e+04 -1.075317550974722326e+04 3.241165878813629970e+05 -1.072340669917488005e+06 2.676472665156949661e+05 -8.540863678109663306e+05 -4.944063719353414490e+04 -6.867295979196571279e+05 -3.641419099575011642e+05 -4.987069444214433315e+05 -2.658543655052231625e+05 1.047609884086730657e+06 8.001165899948829319e+05 1.752934179500692058e+06 4.191231705918774009e+06 8.968273812289898051e+05 -3.795880367556489073e+05 -1.448074481543162838e+05
-3.820457876854360075e+04 -2.194977716714532289e+05 -1.319651376905197503e+04 -3.563411184647863847e+05 2.024692942149818700e+05 -2.126244960287533468e+05 -1.707747670017373748e+06 1.606758965845828352e+05 3.370222752679514233e+05 4.310566464273640886e+05 -1.397162052511609800e+05 3.418622297920753481e+05 -8.652584160654334119e+04 1.310122768505580461e+05 8.968273812289900379e+05 2.158539132399594411e+06 -1.541848585595828990e+04 -1.806721417877624917e+05
-3.228426452522386680e+05 2.985620564871770330e+05 -4.528621161732172914e+04 6.515357407987181796e+05 2.563609875131150475e+05 3.444197922524070600e+05 -5.806066143205675762e+05 -5.481438012352765072e+05 -5.260848574693615083e+05 -3.670399669332022313e+04 -3.569603021867125062e+04 3.069234612797225127e+05 6.757663870792951202e+05 -1.138497418982169474e+05 -3.795880367556489073e+05 -1.541848585595827171e+04 1.869387886832423275e+06 3.717282347578681656e+05
-1.407912687882580212e+05 -2.303557351669234340e+05 -1.022319833790035227e+04 6.203074715685622068e+05 -4.182481576338988816e+04 -2.571671391945633804e+05 -3.672251543962899595e+05 3.485134156091699260e+05 1.367311397082324256e+05 -8.019933942748128902e+04 3.208973545845447225e+05 5.726045612609372620e+04 4.763081352995663183e+05 3.374355811341855442e+05 -1.448074481543162547e+05 -1.806721417877624917e+05 3.717282347578681656e+05 1.640761407790690660e+06
