6.977487109062904492e+05 2.416713548796450777e+05 1.060987079729856778e+05 3.820290072884826077e+04 5.811466364965490357e+04 -2.800020334608305129e+05 -2.611659139058659493e+05 2.514880097279351903e+05 -4.609374631424169056e+05 1.951643214529116522e+05 -7.298953615031266236e+04
2.416713548796451068e+05 3.600377758487694897e+06 6.298684530162052251e+05 -4.382895399068496044e+04 -3.899300957513502362e+04 -2.293724350159336173e+05 -4.913511205291025690e+05 -3.168339449406559652e+04 -6.616051219798712991e+05 -3.764646472426654072e+05 -9.590693078778522322e+05
1.060987079729856632e+05 6.298684530162052251e+05 3.894861817567941267e+06 9.686340974369487958e+05 2.267817744354709866e+05 -6.286755574278902495e+05 -8.342601655954162125e+05 -7.331601155798196560e+05 -1.438997737491157837e+06 -9.137897957510401029e+05 -5.478835852953027934e+05
3.820290072884823167e+04 -4.382895399068496772e+04 9.686340974369486794e+05 6.911845147943888791e+06 -3.392855787330003222e+05 1.091207706304083113e+06 -4.403155428829729790e+05 -4.037672464601737447e+05 -1.030876784092127695e+06 -9.425415744780850364e+05 -3.584445479739116272e+05
5.811466364965491084e+04 -3.899300957513496542e+04 2.267817744354709866e+05 -3.392855787330002058e+05 2.932752485556931235e+06 -8.864448327044157486e+04 -4.451842625070107752e+05 -3.054489808483644156e+05 -2.214848420897867181e+05 -2.271674353022556752e+05 2.010442486062831595e+05
-2.800020334608304547e+05 -2.293724350159336755e+05 -6.286755574278902495e+05 1.091207706304083578e+06 -8.864448327044154576e+04 5.742407399155555293e+06 -8.819259267708634434e+04 -6.203523340531047434e+05 -4.290785112954495708e+05 -5.075210313618534710e+05 3.805803908566205646e+05
-2.611659139058659493e+05 -4.913511205291025108e+05 -8.342601655954162125e+05 -4.403155428829729790e+05 -4.451842625070108916e+05 -8.819259267708635889e+04 4.376419421513640322e+06 3.748923643893348635e+05 -1.514839546449155896e+05 -1.362755043959386821e+05 1.139425437012463517e+05
2.514880097279351903e+05 -3.168339449406562198e+04 -7.331601155798195396e+05 -4.037672464601737447e+05 -3.054489808483643574e+05 -6.203523340531048598e+05 3.748923643893348635e+05 6.579529393343945034e+06 1.324903862043973524e+06 1.110862197300636908e+06 -1.278714032502822229e+05
-4.609374631424169056e+05 -6.616051219798711827e+05 -1.438997737491157837e+06 -1.030876784092127695e+06 -2.214848420897866890e+05 -4.290785112954494543e+05 -1.514839546449156187e+05 1.324903862043973524e+06 8.536991379995662719e+06 5.301477512816032395e+05 -5.435191795608499087e+05
1.951643214529117395e+05 -3.764646472426654072e+05 -9.137897957510401029e+05 -9.425415744780849200e+05 -2.271674353022556461e+05 -5.075210313618536456e+05 -1.362755043959387403e+05 1.110862197300636908e+06 5.301477512816032395e+05 5.382207453379868530e+06 5.957019751008556923e+05
-7.298953615031267691e+04 -9.590693078778518829e+05 -5.478835852953027934e+05 -3.584445479739116272e+05 2.010442486062831013e+05 3.805803908566206228e+05 1.139425437012463517e+05 -1.278714032502822520e+05 -5.435191795608499087e+05 5.957019751008556923e+05 4.337524464374401607e+06
